=== TURN 40/66 • PROMPT AFTER TRIM ===
Removed script turns: 20
Remaining script‑turns: 46
Remaining assistant‑turns: 19
Total prompt tokens: 9126

Decoded prompt:
[Failed to decode: piece id is out of range.]

Prompt token IDs:
163944 166359 163911 170986 171434 170223 166543 166972 171819 167325 168236 170582 169627 165365 165818 170181 169513 171882 170278 171882 166097 171904 169590 170358 164037 167816 171260 171802 164816 165332 171358 164837 170517 165373 166016 167462 164824 164574 165567 166044 167784 166698 171882 169974 164162 164886 170660 167141 168096 165012 164195 169627 168000 170660 169812 172020 170106 169254 166381 166971 171869 171402 171188 169398 166168 172029 164431 165451 168672 169627 168026 169041 171069 171038 169844 167688 165900 166545 164085 166272 164290 169230 164448 170182 169995 168920 164109 166932 171828 171869 171758 171256 168026 165190 166604 169040 165607 170246 170751 169015 168466 171053 168727 168026 170922 169741 171078 164911 164431 164431 164570 166381 168466 171804 169258 171797 164094 170874 171281 169196 164918 171029 168185 169951 167316 169741 168655 165841 170095 167244 171791 164488 169627 171479 172012 171882 165030 165365 168099 169407 171152 165933 167716 171521 168703 171358 169549 166124 170343 166593 164765 166279 165252 169479 164907 168466 169513 167112 164116 168491 171721 164237 167873 165190 167051 170923 164233 170278 169075 165365 169974 171882 167126 164097 168160 164509 167414 164327 167376 164372 169513 168589 164907 170700 171971 171402 167412 168327 171260 171955 169788 168466 170454 169832 171851 164417 168026 168920 167750 165174 169812 168931 168658 166105 165012 168888 168525 166547 169338 164967 166073 166698 171256 167595 171935 167691 171104 165933 170370 171483 169336 169271 165409 166050 168250 168243 170800 165365 168938 167666 165252 166604 169104 165067 168216 170582 166835 166348 166950 166675 164701 167374 167595 171029 167595 164742 165287 166875 163937 166673 168458 163863 168160 170923 171991 170182 168703 170904 170797 166888 170874 168155 167456 166888 163988 168394 171064 165566 170820 164433 165290 275 260 262 110866 501 272 273 26229 274 167190 166760 167770 163963 165559 165061 167716 164824 166151 165488 165267 169370 168037 164366 164872 165622 169919 171202 168714 165622 169919 171202 168714 165622 169919 171202 168714 165622 169919 171202 168714 165622 169919 171202 168714 165622 169919 171202 168714 165622 169919 171202 168714 165622 169919 171202 168714 165622 169919 171202 168714 165622 169919 171202 168714 165622 169919 171202 168714 165622 169919 171202 168714 165622 169919 171202 168714 165622 169919 171202 168714 165622 169919 171202 168714 165622 169919 171202 168714 165622 169919 171202 168714 165622 169919 171202 168714 165622 169919 171202 168714 165622 169919 171202 168714 165622 169919 171202 164872 165622 168037 164121 167604 164529 171887 167800 167668 169495 167220 168308 169602 171192 171503 164787 163879 168357 170103 168984 170824 168368 164446 167400 164581 166024 167040 170923 169663 171018 169976 166105 169037 166347 170923 167037 171078 165690 169851 166451 166527 167765 170177 167143 171034 171620 171095 163863 170143 164038 169344 167727 165811 166925 168006 166666 164060 169872 169562 168720 170961 166024 168181 170093 165913 167042 169597 165607 166229 163934 170296 170606 168814 163976 164407 170959 165163 171314 169976 164879 167639 164029 171278 165933 169141 170800 169976 171646 171877 163885 163856 165612 164552 169093 164507 167395 170229 170451 164038 170458 171821 168486 165773 170982 170029 166013 168964 171624 168540 164242 164768 168352 170923 166169 170914 165252 167551 166127 168914 169745 169982 169124 168163 167175 167338 168394 168181 171991 165165 168703 164751 166794 163905 168538 170020 164038 164816 168394 169038 165715 169415 167430 171888 169689 169838 165976 167233 170473 170879 168366 166675 166060 165398 165027 165204 169200 165544 168173 165302 165205 169549 164326 167408 165831 165373 167882 167716 168991 165687 169000 168469 167973 166803 166514 171363 165933 165507 169547 169976 166730 164161 168257 165514 171620 166991 165287 165662 170666 168888 171313 167794 165852 170683 170192 167669 169519 167905 167400 169927 168983 169415 169254 168273 165637 166367 164935 169730 171332 171312 170182 170451 170797 164187 168100 164213 168436 169278 165178 164674 168756 164545 165997 169535 170122 167940 166932 168216 169788 165434 167037 164828 166112 166016 168125 164632 164791 170906 168083 171648 167037 164828 171757 167244 164038 171633 168998 166186 168959 165169 169338 169448 167127 166016 166738 171292 165165 165103 165154 168756 170048 167669 165429 165358 168628 166306 168015 168292 168560 168919 171260 168332 168273 171256 171409 164233 168920 164041 168737 169930 166564 275 260 262 110866 503 272 273 26229 274 170055 169056 169006 167114 170470 166625 165204 166597 168239 164370 170134 170157 169182 164063 168787 169803 170062 170408 169401 168037 169333 169915 166519 168037 169333 169915 166519 168037 169333 169915 166519 168037 169333 169915 166519 168037 169333 169915 166519 168037 169333 169915 166519 168037 169333 169915 166519 168037 169333 169915 166519 168037 169333 169915 166519 168037 169333 169915 166519 168037 169333 169915 166519 168037 169333 169915 166519 168037 169333 169915 166519 168037 169333 169915 166519 168037 169333 169915 166519 168037 169333 169915 166519 168037 169333 169915 166519 168037 169333 169915 166519 168037 169333 169915 166519 168037 169333 169915 166519 168037 169333 169915 166519 168037 169333 169915 166519 168037 169333 169915 166519 168037 169333 169915 166519 168037 170698 169372 166519 168037 170698 169915 169370 168743 171842 170123 169203 164586 167220 169196 166698 171344 167724 166741 170747 170544 165841 167603 164610 165365 164085 169763 170582 165915 165241 168083 165190 168000 170923 170290 164879 166168 168026 166374 167625 168050 165211 169951 171404 168099 168862 168096 166621 170032 169196 169627 168466 171281 165190 168381 167907 171971 165174 167644 170200 169241 165815 163936 169426 169626 164837 170517 165779 168146 167882 171260 168587 165381 166784 171970 168845 164097 167784 171053 169234 169763 169687 168920 171104 171419 166936 166075 170721 169995 170582 167595 171256 166698 165190 171971 165387 171017 170593 167374 166272 168397 169763 168951 169288 171394 168552 169022 165287 166971 171029 168888 168469 170561 169514 167573 169196 169788 167736 165287 168073 165933 165507 165933 165769 164913 171064 168888 167448 165271 167979 169345 168948 170127 164759 170582 169995 165211 168589 164653 165393 165462 167412 171260 164913 166168 164623 165168 171539 167212 171528 167006 164347 165070 170923 168096 167131 168216 171293 166272 166891 166168 170853 171725 166954 170721 169627 165607 166381 168938 171971 167432 165203 167299 169241 171287 170582 169995 170278 166698 166545 165365 164097 169763 169687 167456 170582 170731 165211 170278 164097 167051 166031 171152 164867 167839 170127 165864 170748 165205 170464 165205 164837 170682 170447 167145 165863 164506 165718 167493 169788 170182 165287 164290 170971 170910 164142 168910 167573 163977 171828 168469 164886 164808 171584 164290 169763 168397 167666 164646 165499 169288 170277 164273 170919 171819 169357 169627 168920 166834 163977 164552 165030 164936 166016 171804 164992 169660 169513 167374 168888 163977 166097 171148 166835 167654 168984 169730 168083 170811 165365 171882 167595 164809 171206 171078 166543 171484 168182 170972 168888 170582 164570 166396 171869 166073 163863 167107 165359 171882 168357 171882 167013 167736 170464 168270 164868 166954 166168 166996 171260 164433 165933 167882 169336 170847 170386 171956 165159 170513 165980 167831 164411 168083 168083 166698 171029 165365 170369 171778 169362 165190 166237 169196 170982 164509 165665 169318 165933 164899 168096 165506 171695 166713 171869 168041 170160 169514 170278 167329 167873 171402 169113 165007 171222 165601 169995 163977 169788 168797 170278 171882 170278 164290 165359 167133 170272 165294 168824 165853 163937 164112 167190 275 260 262 110866 501 272 273 26229 274 168290 165841 169336 165856 171956 170349 166413 167753 168239 170986 170609 164013 165721 171167 164846 169602 170296 165160 170253 169523 169415 171123 166165 168491 171300 171826 166092 169798 164309 167100 166024 168928 169083 168883 165303 168378 169131 169727 170107 165645 168904 166525 169196 171470 165287 169483 167166 169529 170513 166593 171955 164307 170910 166974 164275 167558 169976 164228 166345 170813 170879 169284 169039 166216 171007 171167 167905 164038 167543 165607 164405 171270 166584 168888 170260 168421 166118 165932 165827 164307 165722 168363 164133 165553 165583 166111 164581 168631 165933 169663 166639 169976 164879 171877 170791 164072 167037 170292 166728 164285 165493 164561 165451 166024 165681 165953 167149 169455 170422 166070 167175 170045 170807 170359 165332 165727 168446 168374 164053 170364 170440 166306 166161 167768 167981 169111 163934 166111 167969 168394 164878 164581 168308 169788 169018 170960 164230 169926 165493 170037 171559 169160 169067 167400 169920 164529 165079 167164 164063 163887 166934 170535 165332 166760 169549 166747 166560 165373 171926 167908 168003 167810 167809 170439 166496 170998 167572 164907 168582 164847 170189 166333 166097 171544 164368 166527 164399 170278 170937 167821 168050 167127 168290 165953 169248 166664 167305 166097 171078 168446 167112 171591 166840 166392 168469 169927 165280 165933 170641 165506 167736 166905 164911 169211 166956 171350 169336 168332 169730 167905 166024 167973 170513 169299 169931 167806 167424 170277 166595 170260 166306 167809 168834 165933 167226 167783 170531 167873 166141 170449 168394 164322 169291 164556 169275 169052 166976 166927 169598 167688 165669 169234 163863 167905 167400 165392 167727 165811 170513 165987 164581 167727 168102 166925 171133 168381 167241 164021 169196 167424 167037 166229 169408 164534 170513 169663 164893 166482 170230 165239 165493 170281 164574 166979 169039 166548 164532 166068 164737 168756 164511 168199 170784 168221 169976 165114 167103 169299 168616 169976 168656 166249 169196 169472 171297 169161 171624 170473 168436 168273 164519 171720 163937 168446 168139 168683 169625 164451 166073 169197 168729 167172 170513 169299 168600 169663 169647 169976 166595 164084 166306 169601 170239 167882 166593 170010 171292 164255 165183 168366 168394 166049 168394 166730 168911 166470 164512 164282 275 260 262 110866 503 272 273 26229 274 168047 169241 171587 166080 167898 167408 169824 169127 168776 166597 169717 170134 171203 167882 167908 170666 164899 169717 164844 169672 171401 170353 169915 166519 167350 164366 166982 166519 167350 165027 166982 166519 172026 165027 166982 166519 172026 165027 166982 166519 172026 165027 166982 166519 172026 165027 166982 166519 172026 165027 166982 166519 172026 165027 166982 166519 172026 165027 166982 166519 172026 165027 166982 166519 172026 164821 166982 166519 172026 164821 166982 171645 166346 170610 164709 164529 171887 169167 167142 168207 168083 169513 168466 169513 166971 167866 168185 165287 164290 164907 164832 164907 165174 167051 167299 171819 165183 169328 168894 171260 167657 165205 164837 168268 171358 165167 171309 166570 167866 166016 167981 167462 167553 168703 168083 169951 168920 168026 164290 164886 166996 168096 165539 164488 166713 171528 172029 167873 165425 171978 164433 169513 165011 169763 165291 168518 171325 171277 167845 170009 168185 167352 165236 166013 169521 170190 168984 165819 166927 171721 165190 168026 169271 168920 168862 165779 165451 169075 165607 169951 164519 167724 164554 169241 168327 171260 168718 165307 169995 164085 167666 164488 168160 164978 168798 166666 164701 166073 167595 171256 167595 164162 167316 166863 165933 171559 170982 171619 168898 165637 164781 171883 170272 165512 169763 168951 164927 166105 166310 168888 171281 165211 170246 165387 168777 166936 168522 167990 171655 170874 165103 167736 170561 170509 171266 168270 169113 165625 165183 164961 164407 169851 165933 170923 165462 171078 165911 165961 170721 166888 170797 165721 168824 168984 171037 166073 169513 171256 169974 171029 169763 171820 170454 170142 170191 171700 171397 168888 167448 167866 169002 168132 170464 166543 169283 166922 165318 168236 164643 170582 165365 167595 171256 167595 171256 171971 167907 168565 165806 170041 169056 168191 169569 170727 171253 170000 164386 171358 167367 167145 165272 171260 170662 166784 166424 167866 169951 166136 168000 170923 165032 170642 170032 168797 165365 171882 165287 164421 169113 167158 164886 164085 166272 164085 171152 167382 165241 168083 165190 170643 167979 167873 170898 168180 169182 166075 171551 168703 168250 171148 168155 167456 168270 167456 169196 170971 170189 165252 171778 169995 168938 169763 170700 167873 167907 169812 168931 168033 167871 169660 166545 169513 171882 169230 170669 165163 170424 170874 168888 171402 168381 170419 167873 165190 164987 171655 170874 171053 169234 165012 171149 171149 166675 167228 171882 167595 171029 169974 165190 167873 165190 171804 165876 165701 171655 170561 168083 168466 168026 167448 168026 164097 165498 169041 167190 167770 165815 171258 167614 165055 164750 165398 167614 166310 164338 164556 164433 275 260 262 110866 501 272 273 26229 274 171260 168995 167932 168678 165890 167716 164824 165310 166642 171158 170395 168056 164366 163962 166519 172026 168360 168010 166519 172026 168360 168010 166519 172026 168360 168010 166519 172026 168360 168010 166519 172026 168360 168010 166519 172026 168360 168010 166519 172026 168360 168010 166519 172026 168360 168010 166519 172026 168360 168010 166519 172026 168360 168010 166519 172026 168360 168010 166519 172026 168360 168010 166519 172026 168360 168010 166519 172026 168360 168010 166519 172026 168360 168010 166519 172026 168360 168010 166519 172026 168360 165068 166519 172026 168360 165068 166519 172026 168795 169362 170905 170493 164529 171842 165804 170573 168703 164159 168381 169830 165331 166525 171624 172000 168469 165168 170253 163993 168970 166392 164038 165338 166111 169082 171624 165519 165104 164887 170152 166060 166956 170910 170190 171103 165416 171314 168452 167771 170791 170010 170262 170278 170906 165331 168560 165577 164298 170721 171515 169763 171533 164748 165059 168816 170278 166790 166834 169927 168704 165933 168740 168060 169039 165316 167992 169375 165493 170727 171130 170969 164332 171260 165388 166392 166615 170451 167821 164369 170439 168608 166944 165021 166804 171673 169931 170824 167523 171554 164038 171815 165607 166161 168926 166546 165991 166991 165678 171440 165462 170815 166392 166504 170182 171684 167510 164828 164098 170923 164727 170552 171472 168802 167454 171945 170937 171094 169113 165985 170977 169549 166760 167228 166747 165332 167484 171747 170477 167462 167445 167523 164584 165258 164751 167400 170699 170239 167882 170548 171997 167143 171648 165287 164828 167062 170828 171162 164515 168382 169231 170528 165997 169837 165722 171670 170923 167771 168563 170292 163948 166794 164464 169524 170898 164337 170962 167727 169732 167374 169054 170439 164304 165663 163842 169788 171648 167037 164881 171757 167244 164038 171633 167374 164461 170679 171542 170907 169555 166901 169976 166794 171573 166454 167454 165310 165922 171655 165203 165359 170937 170273 164993 171670 170923 165660 168648 164966 171571 171984 165412 164038 171392 169628 164347 165638 170513 169931 166790 169788 169359 166653 166911 171793 165933 166593 169962 163937 171857 166272 170251 169995 171001 167128 166036 166156 167738 170212 166031 171302 170029 170980 168777 163845 165554 169788 169448 171270 170791 169663 164699 170454 166229 168635 169921 171938 164337 171200 166024 165412 171495 166644 170253 170910 171664 171017 167425 170016 170566 165142 169686 170192 166428 168537 170162 168987 165137 167226 165790 167307 165932 165539 164691 171405 165451 168408 167112 164878 170530 168567 165462 171684 168756 165612 170693 169569 171246 168491 166060 168671 164682 169338 168394 169691 168663 167890 166072 167909 167390 169133 164078 167912 170887 275 260 262 110866 503 272 273 26229 274 170794 166755 165835 164046 168841 171223 167908 166984 169847 164928 171151 170619 168037 168112 164296 165622 168037 170292 164296 165622 168037 170292 164296 165622 168037 170292 164296 165622 168037 170292 164296 165622 168037 170292 164296 165622 168037 170292 164296 165622 168037 170292 164296 165622 168037 170292 164296 165622 168037 170292 164296 165622 168037 170292 164296 165622 168037 170292 164296 165622 168037 170292 164296 165622 168037 170292 164296 165622 168037 170292 164296 165622 168037 170292 164296 165622 168037 170292 164296 165622 168037 170292 164296 165622 168037 170292 164296 165622 168037 170292 164296 165622 168037 170292 164296 165622 168037 170292 164296 165622 168037 170292 164296 165622 168037 170292 164296 165622 168037 170292 164296 165622 168037 170292 164296 165622 168037 170292 164296 165622 168037 170292 164296 165622 168037 170292 164296 165622 168037 170292 166380 165622 168037 170292 166380 165622 168037 170292 166380 165622 168037 164473 166380 165622 168037 167765 171151 165407 164467 166747 169026 169332 164140 171319 168811 169995 165601 164910 170754 171203 166168 164764 165011 164907 170151 167873 167907 164015 165211 170246 165211 171971 169131 171892 165417 166210 168664 169487 165371 164643 168083 165291 167595 171256 165365 165190 171971 165387 165933 170593 167374 171516 166294 167666 171128 166168 169135 166274 169196 169627 167784 169788 165792 169649 168243 169763 170643 165499 170853 171955 171575 169995 165607 167866 164290 168466 164776 166543 167672 166105 167621 170727 165625 165205 169549 171358 168578 168173 167367 169203 165863 164547 170268 171458 164488 166698 171882 167595 168469 169763 165855 169812 170820 168533 166805 166013 166747 164085 169763 170582 169230 164448 166615 168589 168797 168000 169885 167226 170797 168083 166073 167595 171256 167595 168938 169763 164287 169951 163863 170512 168984 171037 166927 166698 171882 171313 168469 166013 171944 170000 166424 168050 164085 169230 170923 165027 169135 170531 164432 170721 164283 165530 169081 167873 171700 169506 168147 169258 165451 164912 166657 170246 167212 170272 164290 170582 170182 168270 165288 166927 167051 168718 165727 167882 171260 165544 171358 169549 168173 171956 165258 170766 166593 166639 171323 168083 165597 165211 168026 165174 164347 164433 170923 168096 165291 169995 168466 168026 170700 170183 169902 165499 170853 171725 166954 165676 165836 170874 169513 168920 171721 164097 170806 168655 165841 170223 166105 165012 166013 169627 164570 170916 164411 165103 167329 165271 169641 171892 164233 170582 169995 166073 167595 171256 167595 169196 168026 171411 168565 169481 168961 168765 167397 170723 168083 171882 167595 171029 167077 169249 165499 170853 166922 165323 166160 166936 171281 168466 170246 168586 165933 165240 164927 165556 166722 168797 169521 166718 167595 170904 167436 167736 170561 166927 171882 168241 166888 170182 168394 167546 172001 168180 275 260 262 110866 501 272 273 26229 274 163840 165841 165383 169241 168257 171483 169292 167957 165383 171193 168239 164370 169663 168239 165584 166662 171260 171259 170791 164824 164090 170228 168239 171190 167391 167292 164832 164775 171252 168621 168814 166621 165112 167577 170913 171732 168163 170400 170347 170872 169647 169976 166835 165112 171128 164334 167918 167174 166308 164787 166497 169064 166111 166205 164167 165801 166593 171888 168160 170258 170202 164520 165030 164545 164833 169755 164406 171733 164882 171826 170561 171010 167727 167159 165457 171135 168539 167124 170654 167151 166834 164737 166653 164853 171655 170923 169931 166168 167912 168343 164077 165662 169254 167926 165836 168378 171877 166781 171167 171684 169788 166161 170439 171798 169838 167048 170923 166804 167012 171266 171545 170664 168357 171574 165326 169539 167980 168360 169337 165183 168394 164878 166094 165410 169838 168416 165605 170183 168270 171022 170292 166397 166732 168052 169354 168627 167175 171044 166591 166182 164757 166269 168720 165402 164038 171291 167688 168883 171716 171416 171037 165997 164552 169552 170513 165307 170002 168521 169941 164437 164596 170192 164335 165176 166205 168826 165933 168843 170277 168656 169498 171934 170162 165743 168756 165414 165405 165549 166392 167542 171001 165365 164355 169649 168622 169084 170512 167150 168366 166146 170016 164602 164060 167111 170404 167295 166610 164542 164559 168554 171472 168059 165015 168966 165493 170281 165487 167175 166049 168394 168528 167716 168913 169549 166747 170682 164290 164326 168194 169626 165373 171483 167462 171185 171888 170454 164359 166291 169163 168378 167891 168589 165775 166910 166533 168888 170910 166891 171559 168096 163966 165727 170596 170906 165722 171866 170937 164552 170328 166622 164275 168275 163871 170936 166155 171185 164290 169296 165549 165394 171472 164907 169220 167694 169003 171053 166534 168756 164737 164012 171447 170561 168622 165957 168289 165457 164134 167037 166585 168862 165252 165103 169459 169788 165984 169408 169306 167485 171418 168073 166644 164445 171944 168097 171159 165484 170525 168466 169626 170192 170817 171785 275 260 262 110866 503 272 273 26229 274 170477 171260 169157 167114 170836 168136 170010 168066 165730 165267 164871 166519 172026 170417 169735 166519 172026 164636 169735 166519 172026 164636 169735 166519 172026 164636 169735 166519 172026 164636 169735 166519 172026 164636 169735 166519 172026 164636 169735 166519 172026 166384 169735 166519 170737 165198 166359 171887 170986 166611 165906 171149 167945 167220 170184 167595 167736 171313 169196 169230 170923 170891 171988 169995 167374 166272 164085 167750 164290 164570 167912 171510 164542 171655 165359 169995 165211 171152 168586 169241 171628 164927 170054 164287 165103 171029 166698 166545 164407 170142 171207 168096 164961 171049 171584 169427 168160 171982 167873 164208 171620 169995 166073 167595 171256 167595 165190 171971 165387 171017 171180 165365 164085 166272 164085 165271 170200 170853 171455 170743 167990 167468 166864 171758 168920 171152 165190 169230 170923 165727 170454 170246 165168 168026 164421 171483 170894 171620 165103 171882 167595 164290 170170 168655 165841 170223 165300 170961 168888 171822 171528 170700 168381 166658 168160 169254 168182 164551 169660 165812 164610 168920 166306 164085 167666 164488 164109 164275 168587 170853 170027 165365 164195 164886 169288 171394 168060 169967 170972 169627 167374 166698 165190 171721 164417 166590 169885 167226 171412 164966 171695 167114 169627 171882 167595 164519 170170 168655 170923 169254 165900 171516 164607 166587 164085 169113 164765 166875 169616 167526 171695 167374 169513 164290 169763 168655 165163 165764 171620 164433 168984 170464 168469 164918 168727 165287 168874 166604 171166 170721 169788 167736 166666 166888 163988 166927 169812 164509 166543 169039 166212 170727 163936 165544 169345 165243 165205 165069 167367 164037 169627 168296 171260 171328 165302 169951 169196 165597 169258 167750 164542 165701 169331 164290 169763 171882 171797 167078 167158 170257 170679 168688 166666 165851 167992 165190 167873 168466 169407 166031 170816 169345 167688 169334 169627 167784 169974 167736 170561 166267 171206 164116 166543 171038 169553 165637 164912 167784 170815 166888 171149 166927 169513 171029 169974 164519 170376 166267 171256 166956 168185 167666 164488 167317 167990 167141 170874 167873 171394 166435 171856 170223 164616 166049 166888 164338 171108 169148 275 260 262 110866 501 272 273 26229 274 166031 167932 165204 166018 169932 166080 164824 168693 164005 164928 166935 166519 168037 164366 166380 166519 164402 164366 171644 166519 164402 164366 171644 166519 164402 164366 171644 166519 164402 164366 171644 166519 164402 164366 171644 166519 164402 164366 171644 166519 164402 164366 171644 166519 164402 164366 171644 166519 164402 164366 171644 166519 164402 164366 171644 166519 164402 164366 171644 166519 164402 164366 171644 166519 164402 164366 171644 166519 164402 164366 171644 166519 164402 164366 166380 166519 164402 164366 166380 166519 164402 164366 166380 166519 164402 164366 166380 166519 164402 164366 166380 166519 164402 164366 166380 166519 164402 164366 166380 166519 164402 164366 166380 166519 164402 164366 166380 166519 164402 164366 166380 166519 164402 164366 166380 166519 164402 164366 166380 166519 168037 164366 171726 170129 169106 170727 167079 165515 169877 168041 167526 164245 167374 169458 169196 171012 169186 166804 168600 164582 165721 164410 165165 166834 164029 168547 170798 166806 167676 166794 166451 165477 170961 166979 165370 165233 165073 166806 170910 171255 165451 166024 170045 169039 165712 167680 168797 171431 166653 164674 164564 166016 167543 169779 164187 168293 170961 170357 163861 171927 165375 166527 164535 170528 168808 168756 171659 171501 166347 169838 168422 170771 164242 165255 171598 166804 164579 169096 164754 167524 166920 168876 167647 171680 165451 166979 171022 164572 167442 163905 170791 167204 164551 168721 163932 171918 168966 166167 165650 170178 170279 170887 170312 164752 168469 166407 167408 169549 166277 165841 167462 171185 169663 167774 167542 170143 168756 164828 171173 169929 171192 167151 167400 169459 166653 165429 165151 170262 168058 165213 167956 168831 167334 168258 164045 168234 168756 164828 170323 168163 167649 169038 170192 164589 168516 167857 166974 167040 171895 168213 168238 171923 166411 164725 167649 170699 166770 165356 171733 166936 164167 171035 168540 164079 165864 170393 164775 164935 169773 165206 169958 166229 169745 171059 166063 164454 171733 164567 168998 169157 164738 167870 171472 168802 170284 164995 166271 172025 168292 169562 165765 164017 171733 169490 164853 171655 165359 171192 167573 164266 166767 164304 164657 168961 165783 168273 164579 169039 163920 170238 164086 169961 168807 169497 168804 170784 170768 165359 171650 166084 164757 166105 166956 168027 169408 167389 168767 166502 166584 169911 169788 164230 168966 166451 169272 168191 171044 166040 166367 167720 169730 171078 169686 170182 166428 171950 165985 171417 169096 165343 164893 163863 171684 171838 164230 167162 171463 169612 169755 166129 166186 164385 168394 167622 164616 169039 164684 165255 164463 171483 275 260 262 110866 503 272 273 26229 274 164078 168449 169006 165204 165312 168239 164370 171474 168239 164851 167105 163844 172018 165211 168026 164290 170971 165601 168026 164290 168026 168765 164927 170741 170816 171725 169834 165007 169334 170582 169995 165365 166698 171029 166698 164809 165256 164112 166543 171484 167409 171149 168888 169357 169271 170806 169513 167374 171758 165211 167873 166978 166341 164347 169513 165011 171528 167907 165375 168160 170642 165556 168813 169149 166545 168765 165365 170707 166666 171944 165241 171423 168888 167316 169741 170898 166331 167688 167797 168888 170582 168703 170181 169649 165792 168518 167140 171869 168888 163977 168414 166476 171731 171620 164991 168723 170811 165170 166927 163988 170923 171521 170106 169720 168888 171882 167040 170513 165462 171078 165819 168491 169627 171882 166470 171256 169788 171525 169763 165252 169479 167992 168000 171655 170561 169549 170184 169974 171882 169974 171344 165287 169155 170191 170223 164610 164305 166718 170531 166888 167456 169234 171064 169283 171397 168703 164085 166272 164488 169113 170513 165727 165567 171721 168454 169627 168938 169951 171344 170531 168984 170072 166972 171721 165387 167051 164765 170797 165252 165365 168041 167750 170700 167873 165924 166525 168888 165190 164936 170660 171069 167845 165952 171835 164255 166545 164085 166272 170582 166835 166611 164411 165103 168765 170643 170254 166543 167672 166724 170513 167226 170904 171281 165387 169741 170853 166543 167267 168182 170582 169995 165387 171971 167316 164750 165366 167078 164570 169995 165211 171152 168586 169241 170512 167190 171944 164094 166666 169995 165365 171053 171029 166698 170181 171266 166675 171804 171655 165012 169788 169120 165626 164085 165012 168374 170387 165029 167220 165600 165433 166267 166924 165075 169741 167509 168948 167078 171551 169788 170904 166835 166308 166950 168491 169549 165365 165258 171029 167595 171029 169974 171029 171313 165190 168381 167907 171528 165174 165527 170200 167270 167770 275 260 262 110866 501 272 273 26229 274 165841 164433 167476 169913 168060 170248 170308 170276 170927 168225 165159 166061 168291 171446 169516 170470 164680 164277 164824 167347 171960 170123 164366 165921 166519 172026 164366 165921 166519 172026 164366 165921 166519 172026 164366 165921 166519 172026 164366 165921 166519 172026 164366 165921 171645 170123 170609 163944 171017 169387 164402 164579 164586 168308 169602 170415 167643 171017 165507 168381 170969 168181 171172 170290 171007 164581 164332 165955 168826 170169 170797 170937 168676 170937 167082 167882 165761 169656 166026 168015 166438 166758 170273 169964 170830 170971 165985 166593 170541 167735 168083 168360 167249 169987 170517 165373 164063 169364 168003 164674 166750 170183 169768 167127 167158 171551 171515 167013 170446 164847 171162 171037 168888 170995 168323 169408 169699 169837 169565 163862 164450 170800 171590 165120 164029 164775 170208 166073 169808 170879 164354 164699 166525 169911 166279 164355 166670 167810 167017 168082 164532 165727 171453 168394 163920 167114 171744 165669 164305 164674 170072 167541 170309 164484 165758 167427 170707 165183 164366 167576 171575 163897 171148 166428 168292 167882 167763 170010 170262 167727 167514 163910 166165 166024 164484 167743 165215 167736 168606 170292 170323 165214 170148 167821 168630 163854 168486 169018 170278 164060 168058 165645 170946 170582 169686 164971 166511 170565 167446 171995 168160 164674 167727 171407 170275 169991 165409 167743 164548 163977 171510 169333 165690 167873 171969 167047 166584 166925 165981 165727 164768 170964 168339 166432 171791 167551 171791 164133 170795 169745 171659 172000 164451 165433 168766 168756 170048 165235 170729 170401 170029 169116 165214 164581 163932 171918 168966 171923 168151 163922 167716 169549 164752 169700 166417 170616 166277 170791 166354 165656 169976 165952 165662 165426 171923 166411 170603 166037 165721 169231 168567 166111 170562 167790 170923 167771 167219 164195 166790 166570 167424 168756 168877 168417 170440 164657 166396 169976 171473 171368 164495 169243 167669 164038 170293 166806 164334 164382 171236 170857 170683 170005 172002 164038 171472 169818 169336 167141 166558 168408 169846 166956 168306 165577 167167 165773 168600 168772 170759 165030 165414 169218 166675 169554 165332 164704 168175 168627 168606 169966 168858 170526 171166 165270 169788 169183 165478 168015 171148 166644 165514 171620 164263 167113 167305 171697 170582 164773 168998 170108 169896 168545 165732 168723 168614 168093 165729 164356 169771 164433 170501 275 260 262 110866 503 272 273 26229 274 164063 168787 167335 171446 168239 167860 171615 171260 168815 171739 165978 171379 165622 168037 168112 166380 164731 168037 170292 167920 164731 168037 170292 167920 164731 168037 170292 167920 164731 168037 170292 167920 164731 168037 170292 167920 164731 168037 170292 167920 164731 168037 170292 167920 164731 168037 170292 167920 164731 168037 170292 167920 164731 168037 170292 167920 164731 168037 170292 167920 164731 168037 170292 167920 164731 168037 170292 167920 164731 168037 170292 167920 164731 168037 170292 167920 164731 168037 170292 167920 164731 168037 170292 167920 164731 168037 170292 167920 164731 168037 170292 167920 164731 168037 170292 167920 164731 168037 170292 167920 164731 168037 170292 167920 164731 168037 170292 167920 164731 168037 170292 167920 164731 168037 170292 167920 164731 168037 170292 167920 164731 168037 170292 167920 164731 168037 170292 167920 164731 168037 170292 167920 164731 168037 170292 167920 164731 168037 170292 167920 164731 168037 170292 167920 164731 168037 170292 167920 164731 168037 170292 167920 164731 168037 170292 167920 164731 168037 170292 166380 165622 168037 170292 166380 165622 168037 164366 166030 169559 169106 169026 167800 171067 165451 169995 165365 172012 164085 166272 164085 167750 165211 164879 169600 164987 171655 164961 168430 171539 170151 169015 170700 169513 165190 169230 170923 163937 164927 166543 166087 166131 167135 167553 166666 170582 168466 169877 166673 169788 164085 167666 164085 167750 165365 164987 166254 165359 168083 170246 168920 169763 169196 171971 170625 167190 170923 170095 169979 171070 166105 171172 167398 165204 165685 165205 165205 165779 165205 165167 170616 167716 171521 165381 170712 167055 166594 164097 167784 166698 169234 169763 169687 168920 171207 164808 165206 164379 164411 165326 171053 171882 167595 171029 168414 165190 171971 168099 167644 171069 167873 169345 167688 164655 164097 164097 171551 167595 171256 165365 165190 171971 165387 165933 170593 167374 166272 168397 167666 168951 171064 171725 167054 169022 166587 167992 171029 166698 169196 169513 164097 167051 171915 167873 169711 164277 167688 163994 170582 169995 165211 165359 166888 165530 166024 165499 170923 165769 165644 170032 165365 169627 168920 170652 164085 169479 164085 167666 165397 165271 166671 166543 170347 166105 170201 166981 166080 169331 165205 169549 164837 165205 168975 168146 167882 171260 171725 165381 170009 165099 167913 170582 164097 170904 166698 169234 169763 170811 164987 171551 165933 168954 170151 170723 170582 168026 165211 170272 169336 171334 168765 164347 168083 169951 167400 164985 171882 170874 171882 171313 171029 167573 171344 164907 169547 167816 171892 171725 171700 171819 165738 167190 169040 165841 168449 164277 171956 168179 167687 168239 167519 171193 165204 169406 171260 164824 171757 164765 164411 170582 165359 170897 171029 171828 171256 165287 170755 168589 169951 170348 170512 168984 171149 168491 169995 167374 164918 169716 171313 170707 171220 169407 171069 170657 168291 167688 164223 166545 164085 166272 164085 169763 170784 170191 171740 165206 165252 164085 165365 165103 170811 167595 167736 167013 168469 167131 171915 168589 166117 163969 165190 169230 165876 169812 164787 170246 166733 169995 168938 171758 168727 169763 170662 169724 164085 168458 164967 171266 165030 168160 170923 164747 166666 169995 170278 171281 167644 164918 164097 166587 171285 164347 165070 170923 168096 169995 164097 166698 169716 166698 165656 165256 170676 170041 171260 165380 170559 164085 165291 171281 167644 171053 171882 168414 165365 165501 167660 164596 171620 165418 169196 166381 164290 171762 170002 164927 164876 164760 171214 171758 165291 168000 169002 165012 168083 170054 168920 170531 164290 171971 171285 168099 170191 170191 165815 167672 171770 168182 171725 167112 167804 168155 167614 165272 171526 275 260 262 110866 501 272 273 26229 274 171781 171260 167981 164151 171459 168037 168787 164824 171875 170324 167982 164366 171061 165622 168037 164366 165068 165622 165224 164366 165068 165622 165224 164366 165068 165622 165224 164366 165068 165622 165224 164366 165068 165622 165224 164366 165068 165622 165224 164366 165068 165622 165224 164366 165068 165622 165224 164366 165068 165622 165224 164366 165068 165622 165224 164366 165068 165622 165224 164366 165068 165622 165224 164366 165068 165622 165224 164366 165068 165622 165224 164366 165068 165622 165224 164366 165068 165622 165224 164366 165068 165622 165224 164366 165068 165622 165224 164366 165068 165622 165224 164366 165068 165622 165224 164366 165068 165622 165224 164366 165068 165622 165224 164366 165068 165622 165224 164366 165068 165622 165224 164366 165068 165622 165224 164366 165068 165622 165224 164366 165068 165622 165224 168360 165068 165622 165224 168360 165068 165622 168037 169758 164161 167023 164529 169026 169332 168335 166350 169160 165338 166024 171148 170730 164781 167806 166639 169976 166060 166956 171515 171266 169565 164656 168286 166276 164058 168492 171207 171472 167249 170890 164407 165356 165885 164724 167510 167341 171002 168339 171079 166979 167597 165172 167167 169050 169931 164582 168831 171167 170303 170565 169497 171971 164405 168199 171046 168349 167510 170039 165462 165836 168634 166653 171004 167905 164038 169344 168983 169415 171624 169663 170552 165832 168802 167454 164119 169562 169133 170971 168825 166593 165332 170535 168083 166760 165385 163892 167462 166836 170725 166776 168430 164828 166804 169493 167523 164917 166891 168211 166387 165836 169279 170589 164421 164674 164307 163905 168962 164484 168043 168843 170016 166060 170554 164029 170797 171923 167605 171314 169976 170072 167572 167510 164153 168084 166689 170410 170899 168628 170565 168786 165680 167313 165403 165727 171650 170045 167112 171130 171096 167060 168469 164266 166926 168360 165758 166484 165332 170604 170179 166976 171877 170393 167452 168232 168807 167424 169788 168015 170273 169768 169583 167882 170923 164275 164362 170016 167338 171037 164512 168787 171298 168268 168519 168083 170387 166615 164512 169767 170887 164824 166185 168814 165659 163863 171541 163897 171472 171879 165338 166111 166703 168896 165933 165858 168825 172005 168249 164961 164060 166924 164334 169750 169911 167510 169808 164038 167114 169774 164454 168347 164307 169257 170455 171439 165283 165239 167987 165004 171407 169560 165183 169801 166565 164608 165741 167510 168102 164406 164411 166790 168589 168221 167400 171657 170056 171797 170513 170916 167523 165114 164971 171203 164038 171034 166387 164354 164674 169145 171623 166440 166451 171972 167551 164120 170277 171094 169686 168266 171923 164094 166804 171047 167649 169296 167870 164409 165039 165292 169195 170979 167382 171260 168772 169141 169976 170741 169686 164372 167678 165359 166523 171122 164559 170012 170433 171561 170426 166831 167647 166240 164049 164038 165976 170362 171314 168066 168486 170899 166911 171051 169739 165337 170923 167591 168311 171675 166341 164861 170491 169730 171392 167669 167738 164228 166593 171849 164514 165343 166249 167542 172002 168181 170592 170037 168883 170528 171044 168394 170612 166548 168169 168802 171898 171945 169555 170709 170305 168729 170596 168394 164879 171167 164338 166280 171483 164282 275 260 262 110866 503 272 273 26229 274 164433 166747 165835 167408 171507 171587 167898 167225 169416 164370 165834 170794 170191 167347 168815 168526 170609 166982 166519 172026 170292 166982 166519 172026 170292 166982 166519 172026 170292 166982 166519 172026 170292 166982 166519 172026 170292 166982 166519 172026 170292 166982 166519 172026 170292 166982 166519 172026 170292 166982 166519 172026 170292 166982 166519 172026 170292 166982 166519 172026 170292 166982 166519 172026 170292 166982 166519 172026 170292 166982 166519 172026 170292 166982 166519 172026 170292 166982 166519 172026 170292 166982 166519 172026 170609 166982 171645 168526 165937 166359 170175 168967 170794 168239 170149 167811 170182 168083 169788 169690 165600 167595 170369 170272 170458 167816 170513 164974 166293 168050 165291 169513 167772 170559 170853 166105 171169 171802 170873 169798 171029 171029 171882 165365 165190 170272 165231 171149 166840 166287 167627 166698 171256 165287 168311 168565 170718 170041 165769 171394 164906 170032 165287 166545 167644 169788 165326 169763 165954 170041 171628 163937 171220 166168 169479 165252 164085 164907 165262 169649 171589 166168 169288 164273 170919 169660 169951 167784 170972 167325 164886 170279 169345 170879 171430 170721 169995 165190 165359 166888 170998 168270 170041 165841 171700 166105 167466 164085 169070 168397 167666 171078 169288 166922 167267 171153 170182 169995 170904 170972 168984 170182 168469 166698 171935 167724 171104 165933 169741 168381 164431 168715 170305 168888 171778 165021 166828 169513 170278 170054 165211 168026 164097 168466 164987 166543 169386 165027 170727 163936 165917 165205 170166 164837 165332 165205 165373 171483 171260 166999 171835 170874 164097 169120 166272 169521 168026 168332 170387 170025 166698 168938 166698 171935 167724 170676 165933 168180 164927 164738 169095 164287 169521 166279 171675 171869 169670 171971 164417 168289 169547 167956 171620 169513 169196 166698 169196 169763 168951 165499 164876 169312 165387 165597 165291 171293 170721 168083 166875 168026 164097 164724 168931 165567 170106 167054 168888 168466 168026 171285 164347 165800 171078 169135 164407 171029 169627 169196 165709 169196 168565 171820 168000 166584 167145 168466 164907 171402 169763 170478 169113 167845 167968 168185 171682 171695 167114 169627 171882 169974 167627 164775 165876 168026 165190 168026 166584 169812 171069 169254 171388 171551 169995 166073 167595 171029 167595 169417 170278 165190 169479 165252 167666 168542 167008 171620 168083 168466 167866 165211 167750 164097 164724 168449 170041 167646 171258 166543 171725 165099 167346 167302 164461 164967 164338 168619 168290 275 260 262 110866 501 272 273 26229 274 170820 165876 170180 168710 167114 166441 170324 170755 164761 166932 169778 164991 165434 166463 171988 166134 166639 165528 164743 165669 168363 165214 171470 169671 165811 166063 169230 167858 172016 164867 165810 169015 166962 168199 169625 165957 168532 170178 168096 165758 169266 170971 166790 168756 169472 171297 165814 164657 168296 170815 168273 171032 171130 167149 168697 169730 166036 167938 164010 168417 164800 166111 167582 170513 169663 166639 164252 164385 167721 164445 168924 167192 170642 165690 164757 170455 166945 170178 170141 165836 166387 167502 170554 166653 167542 166630 168756 166161 170950 171207 169676 166666 164060 168802 169562 163910 164242 166803 168139 170084 165575 167824 166927 168721 166279 165645 165030 165997 170994 164473 164220 170733 169142 168394 166156 166489 163948 165522 169035 165095 168096 169908 170184 169808 168378 170554 171765 170454 164133 164167 165408 166945 165059 169547 169976 166568 164511 168802 169448 164995 165819 167543 169838 168608 171692 165593 166203 168606 168366 168270 171130 167182 165165 168703 164737 168723 165464 166497 165493 166945 165348 165759 167024 164933 170856 169386 171044 170386 169039 168394 164461 166280 164556 168047 164078 171956 164207 166310 165815 164616 165648 169428 169223 171040 167716 164370 167876 164370 169808 167882 170923 168815 163944 171156 166982 166519 168037 170292 166982 166519 168037 170292 170225 166519 172026 170292 170225 166519 172026 170292 170225 166519 172026 170292 170225 166519 172026 170292 170225 166519 172026 170292 170225 166519 172026 170292 170225 166519 172026 170292 170225 166519 172026 170292 170225 166519 172026 170292 170225 166519 172026 170292 170225 166519 172026 170292 170225 166519 172026 170292 170225 166519 172026 170292 170225 166519 172026 170292 170225 166519 172026 170292 170225 166519 172026 170292 170225 166519 172026 170292 166982 166519 172026 170292 166982 166519 172026 170292 166982 166519 166346 170609 166982 170259 166346 171956 164506 166137 171893 168703 169995 165190 165722 170923 171718 168381 167873 167648 167267 171093 167135 169050 170182 164097 165607 169877 166673 168888 164085 167666 164085 167750 164097 164987 171655 170874 168083 168466 168026 164097 164724 168931 171762 171700 168182 170972 164674 166086 164159 171528 168988 168381 170700 171971 164152 169334 167448 169995 170700 168026 168542 165527 165070 166432 165381 170919 170077 171539 169627 164085 171053 169258 165287 170800 168521 165954 165933 167158 165506 166765 168454 165387 164085 166272 164085 167666 165365 164987 166254 165359 166454 168466 164987 164347 169513 168466 168026 164290 166525 170660 165841 171700 166105 165271 171869 168466 168026 171333 169812 170923 170223 164968 170032 168454 169627 164290 166237 164097 164987 166263 170576 165366 164255 170002 168882 171516 164085 170652 169627 167750 165211 167873 164081 169113 164765 164913 163844 169995 165607 164342 166545 166698 171935 165287 164097 170063 171655 170874 170992 168466 168026 170351 167866 164290 171971 169336 171277 170923 171521 171642 169506 170919 171277 165753 165807 164041 165271 164556 170521 275 260 262 110866 503 272 273 26229 274 171797 168047 166760 171253 164020 166114 169506 167957 171040 168787 169902 164090 171291 164824 171443 171193 163955 170149 168523 166590 164701 164342 164837 165069 164701 172018 169626 165373 164556 167462 171906 168533 171039 167164 164359 171971 164828 167374 170784 168584 165409 165252 165523 168756 164545 169082 168191 164120 165095 164608 164165 167510 167040 165537 170892 170824 168984 170528 169231 170293 170879 164581 170528 168915 166639 168469 165807 170323 164407 169755 171624 165039 171866 169573 166980 169818 165987 167987 166387 170300 168409 169299 167181 169346 164581 170586 171625 170528 164511 169759 166117 167113 166276 170564 171447 170561 169843 165968 166707 165985 166913 170016 167925 170554 170260 165460 171898 171041 168555 163910 167671 170016 170339 168394 168893 171851 171260 171349 164752 169070 170517 169549 167423 171747 171298 167720 169788 164751 167573 166276 163854 170784 171980 169976 170948 170690 167037 166168 167572 165365 169448 164492 170513 168452 163977 168892 170234 168306 166432 171100 169677 166178 164781 170906 165607 166347 167257 165114 168175 165356 171733 169346 168962 164544 164754 169203 170323 164242 168733 167171 167353 168125 164305 170064 165775 165860 171607 171620 163946 169371 169927 171255 170923 165308 169745 165567 168907 168357 164266 168058 171923 170770 165409 169686 168058 165690 164803 171203 170184 170855 166075 166956 165791 169931 169539 170528 169686 171703 169015 164385 164077 170807 170359 165332 166772 167284 168802 164511 164119 169562 169133 168961 167716 170360 168083 168173 169549 166747 169549 167484 164072 167316 164565 164751 168469 168808 165852 166644 165779 168074 164498 168628 169196 164751 168058 171923 168378 168096 165664 166488 170824 166840 167086 168469 165479 169072 166711 171733 170853 168491 165172 166804 166774 169096 163901 165426 168720 170182 164511 170608 166584 165358 171937 168802 164559 167052 165554 168756 164545 165169 164016 165334 166092 168984 169545 169730 168567 165326 168406 168729 170664 165552 165567 168191 163880 167409 172001 168394 164879 170386 169039 166805 170485 170533 169148 275 260 262 110866 501 272 273 26229 274 166031 165841 167937 168239 165204 169673 167490 167888 169902 169313 164543 167908 167410 164313 168407 170477 170560 171579 168037 167183 166270 171579 168037 167183 166270 171579 168037 167183 166038 171579 168037 167183 166038 171579 168037 167183 166038 171579 168037 167183 166038 171579 168037 167183 166038 171579 168037 167183 166038 171579 168037 167183 166038 171579 168037 167183 166038 171579 168037 167183 166038 171579 168037 167183 166038 171579 168037 167183 166038 171579 168037 167183 166038 171579 168037 167183 166038 171579 168037 167183 166038 171579 168037 167183 166038 171579 168037 167183 166038 171579 168037 167183 166038 171579 168037 167183 166038 171579 168037 167183 166038 171579 168037 167183 166038 171579 168037 167183 166038 171579 168037 167183 166038 171579 168037 167183 166038 171579 168037 167183 166038 171579 168037 167183 166038 171579 168037 167183 166038 171579 168037 167183 166038 171579 168037 167183 166038 171579 168037 167183 166038 171579 168037 167183 166038 171579 168037 167183 166038 171579 168037 167183 166038 171579 168037 167183 166038 171579 168037 167183 166038 171579 168037 167183 166038 171579 168037 168103 166038 171579 168037 168103 166038 171579 168037 168103 166038 171579 168037 168103 166038 171579 168037 168103 166038 171579 168037 168103 166038 171579 168037 164366 166038 171579 168037 164366 166270 171579 168037 164512 167333 170802 168037 167925 166747 163911 170632 164272 164578 171334 165422 171189 167908 167825 165584 164779 164515 168847 165717 169470 168621 166729 165124 167765 171956 171887 171842 163911 171544 168811 168308 169513 170125 170398 169699 165852 169381 166698 170458 165607 164171 168451 171607 165067 169418 169976 171590 170873 168643 169196 170910 171971 167147 168518 171607 171655 170887 167437 168491 164768 165390 169345 164038 171034 171620 170838 163863 167905 164038 166161 169408 169562 170923 164727 167385 164187 169872 169562 163910 168273 170016 170268 170262 166298 165302 171138 164119 171781 165163 166593 166252 169976 165183 170307 167176 165021 168381 166352 168676 168025 165605 170843 168357 168721 166129 171100 168796 168349 171152 164926 169649 168964 170923 168616 168452 171236 167508 170513 170080 164927 165252 165523 169745 167650 169633 167000 170798 166543 168394 165306 169150 170234 169099 165302 164751 167523 166451 168725 165617 170482 167364 166675 165188 169333 171578 171888 165292 168292 164511 165130 170473 168191 168366 166024 166060 168394 164738 166246 166981 165815 167282 171696 166407 164290 168173 164956 171747 168782 168296 164824 164530 170800 167572 170950 166016 166615 165753 165205 165358 170005 165114 168477 166230 169966 167523 169686 167436 169220 169271 167877 171292 171470 170528 170913 171019 170616 171733 171291 167493 164063 164548 168408 163920 170910 165684 171294 166830 168381 164738 165690 167329 168733 169408 169220 170513 167141 165104 166961 169976 169296 169788 164227 168756 169018 164584 170526 170683 171937 164833 164545 170758 168290 168469 165747 167172 165575 170155 164620 167543 167264 170784 171880 170328 166288 168825 164244 166097 171559 170827 170789 164434 167040 168097 168998 165810 164616 171571 171984 165165 166615 171684 164175 167987 167162 166167 168966 168627 167655 169113 169718 275 260 262 110866 503 272 273 26229 274 167716 169469 171630 171260 168815 171310 167582 164799 169370 168037 168211 171925 165622 168037 168211 167920 165622 168037 168211 167920 165622 168037 168211 167920 165622 168037 168211 167920 165622 168037 168211 167920 165622 168037 168211 167920 165622 168037 168211 167920 165622 168037 168211 167920 165622 168037 168211 167920 165622 168037 168211 167920 165622 168037 168211 167920 165622 168037 168211 167920 165622 168037 168211 167920 165622 168037 168211 167920 165622 168037 168211 167920 165622 168037 168211 167920 165622 168037 168211 167920 165622 168037 168211 167920 165622 168037 168211 167920 165622 168037 168211 167920 165622 168037 168211 167920 165622 168037 168211 167920 165622 168037 168211 167920 165622 168037 168211 167920 165622 168037 168211 167920 165622 168037 168211 167920 165622 168037 168211 167920 165622 168037 168211 167920 165622 168037 168211 167920 165622 168037 168211 167920 165622 168037 168211 167920 165622 168037 168211 167920 165622 168037 168211 167920 165622 168037 168211 167920 165622 168037 168211 167920 165622 168037 168211 167920 165622 168037 168211 167920 165622 168037 168211 167920 165622 168037 168211 167920 165622 168037 168211 167920 165622 168037 168211 167920 165622 168037 168211 167920 165622 168037 168211 167920 165622 168037 168211 167920 165622 168037 168211 167920 165622 168037 169089 166693 165622 168037 166620 169106 169897 167761 165698 164509 164277 171260 168030 170791 170727 171005 164448 164982 170890 165307 170454 167212 167484 165388 171053 167736 165359 163977 168521 165365 168327 170054 170246 168249 164610 165807 168706 171029 167595 171029 167595 165190 164173 167435 166168 170853 165290 168182 165673 170582 171869 165387 169812 170482 167873 172001 170727 171962 169346 169995 168466 170234 168542 165425 166718 170561 164038 168026 165387 164927 171044 164070 166555 164433 168083 167220 171882 170561 164867 168454 164162 166711 165113 166593 168990 167869 171317 168920 164488 168397 164910 164646 171419 169279 166671 166136 166162 167736 168160 170923 168180 167975 165125 166216 167736 171528 170179 168000 171294 167435 164879 163937 166971 169660 167827 169812 168383 167873 165952 165836 165206 168050 170700 168026 164290 168160 170791 168539 164081 164287 168920 166272 164085 166587 170441 171277 164765 171147 164081 169995 167374 166272 164085 167666 165601 163937 167907 170429 171285 170804 170972 169513 165190 169230 170923 164927 164927 171222 165607 168466 170936 171758 164097 171721 169687 170083 164808 167307 164602 164407 169627 168466 169995 165190 167269 170700 168381 167907 171971 166584 167644 170200 165933 165815 169331 164816 164701 166747 170517 168519 165738 164473 171189 164824 167188 166666 169788 170182 170272 169336 166590 164094 164411 168083 164342 167374 166698 167644 168454 171344 170731 168894 169113 167763 166334 164287 169513 165600 168026 164237 167873 165387 168792 165570 166271 166444 164917 171869 171256 165607 169750 165933 169741 167873 166424 171334 166114 169048 164628 165365 166713 169120 169627 169639 164429 168026 167329 168026 165387 169421 170142 171762 170853 171725 171169 165099 171575 169627 167784 167595 171029 165365 165190 167873 165190 164531 168655 165841 165399 167599 170165 170700 168026 164097 166525 170142 165841 164913 166105 164623 166013 165851 169763 164676 169862 166392 171053 167736 170561 171882 171721 165387 168099 170923 171222 165567 170032 168797 169627 171882 169974 164162 168521 168486 169303 171727 165506 164623 169627 168026 169687 169407 170754 171725 168182 170766 164488 171869 165211 171528 165190 168153 169040 165190 168026 164290 168000 166011 164347 171655 170874 168083 169196 164918 164290 168026 170002 164927 167648 166424 164910 171828 168160 169687 167456 165359 169995 165211 169860 164290 171971 171333 168982 167770 169241 165781 171258 166435 165099 171277 165398 167839 171468 171397 167398 166639 275 260 262 110866 501 272 273 26229 274 165841 170308 166590 170794 168925 169994 166544 168283 168211 168787 164824 165310 169915 167011 164402 170971 169961 165622 168067 170971 165921 165622 168067 170971 165921 165622 172026 170971 165921 165622 172026 170971 165921 165622 172026 170971 165921 165622 172026 170971 165921 165622 172026 170971 165921 165622 172026 170971 165921 165622 172026 170971 165921 165622 172026 170971 165921 165622 172026 170971 165921 165622 172026 170971 165921 165622 172026 170971 165921 165622 172026 170971 165921 165622 172026 170971 165921 165622 172026 170971 165921 165622 172026 170971 165921 165622 172026 170971 165921 165622 172026 170971 165921 165622 172026 170971 165921 165622 172026 170971 165921 165622 172026 170971 165921 165622 172026 170971 165921 165622 172026 170971 165921 165622 172026 170971 165921 165622 168067 170971 169961 165622 168067 169342 167583 170129 170493 166747 171887 170632 164759 168703 170054 167037 164545 165514 171046 170030 164038 169607 171956 164245 171313 164884 165783 170151 168491 168900 171330 171733 170721 170910 171971 170986 171177 171543 170669 171934 169231 166195 165039 168226 170273 165756 170830 168627 170593 170887 169052 171963 169995 167735 164586 168795 166470 164473 170791 169050 164446 165438 166024 171404 164933 167882 165669 165985 172005 168249 164961 165114 171220 171100 165620 168286 172025 169976 163910 166618 165029 164097 165554 165331 170006 168756 169562 171812 169738 165852 171620 169839 168756 165392 170422 170971 166480 164103 165214 164393 169338 164437 169460 165554 168723 169220 171536 167882 170307 170556 168491 170901 166707 166262 170994 171575 164136 170439 170910 165430 170961 166489 168394 169150 167149 164214 168756 166276 168483 165619 168152 169426 168998 167545 164968 165248 165053 166482 164167 166229 167331 171923 165758 170513 169931 165721 168984 171732 167334 169197 163977 169497 168451 164545 170062 166760 167141 165918 169976 163988 170323 167331 169739 170950 168164 170923 171423 167329 164322 164264 167389 168611 164411 166352 164833 168555 168378 166008 165589 167430 167378 166911 164552 171511 170005 166288 170272 167809 171216 165429 165578 167940 170725 171637 170731 166161 170401 166760 167862 166161 166165 167680 169410 172025 169872 169739 169464 169755 167226 171806 166666 164315 165307 168914 164352 165424 164379 170189 164769 169745 163937 170057 170229 164060 170182 166782 168676 167891 170513 165981 166666 171241 168802 170189 166332 165706 169327 164245 171838 169562 168218 165637 163971 165933 171326 169745 167293 171345 167326 164980 168876 166728 170730 165985 169436 168455 170176 167012 164704 168802 169562 164687 170971 170814 171483 165841 169241 275 260 262 110866 503 272 273 26229 274 171427 165147 164824 165310 165978 170669 170619 169919 165542 171379 165622 168037 168112 166081 165622 168037 168112 164871 165622 168037 168112 164871 165622 168037 168112 164871 165622 168037 168112 164871 165622 168037 168112 164871 165622 168037 168112 164871 165622 168037 168112 164871 165622 168037 168112 164871 165622 168037 168112 164871 165622 168037 168112 164871 165622 168037 168112 164871 165622 168037 168112 164871 165622 168037 168112 164871 165622 168037 168112 164871 165622 168037 168112 164871 165622 168037 168112 164871 165622 168037 168112 164871 165622 168037 168112 164871 165622 168037 168112 164871 165622 168037 168112 164871 165622 168037 168112 164871 165622 168037 168112 164871 165622 168037 168112 164871 165622 168037 168112 164871 165622 168037 168112 164871 165622 168037 168112 164871 165622 168037 168112 164871 165622 168037 168112 164871 165622 168037 168112 164871 165622 168037 168112 164871 165622 168037 168112 164871 165622 168037 168112 164871 165622 168037 168112 164871 165622 168037 168112 166081 165622 168037 164366 166081 165622 168037 164366 171792 169559 169106 169026 166282 166311 170182 169995 165103 166698 165600 171828 171344 165711 169890 165425 170721 167436 168469 167595 171344 169741 170853 170816 167054 170727 166453 165211 169995 164290 167866 170983 169113 170513 165206 170582 169995 168191 168026 164097 169336 171324 172018 168910 166698 167736 170874 168469 165425 171324 169513 165190 171971 171944 168180 164927 166543 170106 166131 169795 165163 164058 170582 170582 166698 168185 167724 169750 169345 170512 167816 171260 168718 166165 166581 170582 170246 165211 164574 164097 167051 171020 166432 169268 169241 165625 165205 168975 171358 168578 170517 168975 164037 171223 167748 166774 166666 164097 170182 167573 168469 170971 165190 168026 171642 170272 164421 167190 167720 165764 165506 167131 164646 164085 169521 169763 165425 165393 168378 168888 170582 167595 171256 167595 171344 171971 168658 165915 170703 168589 165211 169162 171891 164074 165190 168888 170464 168026 171285 164527 165044 170696 169995 168797 164918 171344 165287 167940 166510 169788 165211 169763 171675 167666 169580 169862 166996 166279 168216 167329 165307 170936 169951 169234 167456 166888 166835 171584 164070 170626 168250 169788 167573 171516 168397 164918 167736 167456 164279 170464 170014 171521 171397 167582 167127 166073 166864 169995 168466 169627 171256 169763 171402 167873 167907 171866 168594 166168 167816 165815 167324 171358 169549 170616 169318 165841 164824 168718 171819 167164 170897 170582 166658 169254 167873 166954 165296 170727 168718 166830 169995 170582 166698 169234 165917 165606 167227 165190 169015 169337 167873 165425 171277 170730 170797 169995 170582 166698 169716 167595 165656 165256 170593 167816 171298 165380 164628 164488 165291 164342 167644 169627 171882 167013 166073 168099 167299 167873 166105 170191 166453 164125 169145 168466 168026 164867 164902 165002 170095 164086 164433 169513 169995 171882 170561 166370 170561 163995 167456 166927 165501 164116 166543 166105 166922 165255 167190 165099 166131 168561 167804 171781 275 260 262 110866 501 272 273 26229 274 166031 165328 166544 165204 165086 164370 169444 166435 164824 166354 169383 170127 171260 171872 169847 164928 166935 170619 168037 164366 171463 170619 168037 164366 166038 170619 168037 164366 166038 170619 168037 164366 166038 165622 168037 164366 166038 165622 168037 164366 166038 165622 168037 164366 166038 165622 168037 164366 166038 165622 168037 164366 166038 165622 168037 164366 166038 165622 168037 164366 166038 165622 168037 164366 166038 165622 168037 164366 166038 165622 168037 164366 166038 165622 168037 164366 166038 165622 168037 164366 166038 165622 168037 164366 166038 165622 168037 164366 166038 165622 168037 164366 166038 165622 168037 164366 166038 165622 168037 164366 166038 165622 168037 164366 166038 165622 168037 164366 166038 165622 168037 164366 166038 165622 168037 164366 166038 165622 168037 164366 166038 165622 168037 164366 166038 165622 168037 164366 166038 165622 168037 164366 166038 165622 168037 164366 166038 165622 168037 164366 166038 165622 168037 164366 166038 165622 168037 164366 166038 165622 168037 164366 166038 165622 168037 164366 166038 165622 168037 164366 166038 165622 168037 164366 166038 165622 168037 164366 166038 165622 168037 164366 166038 165622 168037 164366 166038 165622 168037 164366 166038 165622 168037 164366 166038 165622 168037 164366 166038 165622 168037 164366 166038 165622 168037 164366 166038 165622 168037 164366 166038 165622 168037 164366 166038 165622 168037 164366 166038 165622 168037 164366 166038 165622 168037 164366 166038 165622 168037 164366 166038 165622 168037 171196 166167 165622 168037 171956 169026 170038 166885 166308 171591 163932 169231 165755 163976 167304 164493 168351 168687 171313 164338 171246 165398 167888 168800 169976 169567 168786 170565 167385 168357 167882 164063 168929 170200 164421 168574 168287 166666 165165 169513 171648 164038 168699 171200 168361 165292 164072 164751 170403 169602 168308 166653 164674 164657 170477 164524 170272 170700 165810 165624 165095 170725 165005 169150 166451 168826 171781 166804 169655 165339 167176 170328 166911 171590 167809 170950 164559 170683 165359 165554 168477 165922 170683 165359 169927 166063 164459 164558 167736 167309 169844 170766 165832 164582 169448 166138 164133 168606 171650 168394 171130 171096 169455 169408 167030 167295 166610 164542 166644 165103 171472 168059 170213 168966 165493 170281 165487 171733 168667 166024 166105 166280 164556 165052 168946 167220 165205 170485 168194 171747 164512 170727 169933 170509 171870 165214 171125 165291 164187 166498 164437 164337 170458 166675 165114 169837 168160 167662 169328 165183 169672 165918 168686 169720 167442 167875 169424 164719 165241 164421 169982 170987 170727 166830 167873 166237 164060 167573 167424 166834 168808 167264 168200 165163 169931 171332 165884 169788 164060 168083 166161 169745 168914 167485 166571 169372 167738 165070 169032 164657 169052 169951 170535 164586 170602 165909 167882 171260 167059 170359 168452 170328 171374 164038 167772 167669 164556 166436 168232 171944 168455 167869 170435 165365 171470 166834 164884 171332 167835 167736 168070 168146 169498 170192 165652 170587 167987 168292 169562 165727 168273 171895 168456 170824 171186 166675 169231 166392 170182 168808 167128 170979 168676 171816 168500 170937 171094 168961 167716 168021 167220 166760 164752 168578 165892 171630 167435 171147 164493 164180 169318 164581 166806 168630 165942 171017 171666 165359 167965 167573 168308 166653 166523 164838 165985 165309 168381 165539 170506 169513 169018 168797 167028 168963 169666 164433 170189 163908 169976 165231 167647 165176 169197 166527 168159 169854 171937 169788 169915 168213 167151 169788 168015 170273 169768 167501 170923 168125 170323 165139 169562 168880 170887 170010 165681 166806 170910 165213 168040 166932 165523 170328 165227 170273 169768 166112 166639 168125 164699 170723 165984 169408 166137 166910 165488 163910 167040 167817 164927 167175 167338 168394 166049 171167 170667 166470 168146 165172 275 260
