=== TURN 65/68 • FULL PROMPT AFTER GENERATION ===
Script‑turns now: 18
Assistant‑turns now: 15
Total prompt tokens: 5171
Generated semantic token count this turn: 472

Decoded prompt:
[extra_id_1]user0[extra_id_12]The▁lessons▁here▁will▁be▁invaluable▁for▁other▁large▁fusion▁projects▁like▁ITER![extra_id_0][extra_id_1]user1[extra_id_12]Flexibility▁and▁adaptability▁in▁the▁interlock▁design▁are▁critical▁for▁success![extra_id_0][extra_id_1]user0[extra_id_12]Blind▁fibre▁channels▁should▁have▁easily▁adjustable▁gain▁to▁match▁any▁changes▁in▁routing▁or▁optics![extra_id_0][extra_id_1]user1[extra_id_12]And▁regular▁checks▁and▁maintenance▁of▁all▁optical▁components▁are▁a▁must![extra_id_0][extra_id_1]user0[extra_id_12]This▁is▁a▁great▁example▁of▁how▁attention▁to▁tiny▁details▁can▁prevent▁giant▁disasters![extra_id_0][extra_id_1]user1[extra_id_12]Fusion▁energy▁might▁be▁the▁future,▁but▁only▁if▁we▁protect▁these▁delicate▁systems![extra_id_0][extra_id_1]user0[extra_id_12]Absolutely!▁The▁interplay▁of▁optics,▁electronics,▁and▁nuclear▁engineering▁here▁is▁just▁inspiring![extra_id_0][extra_id_1]user1[extra_id_12]Every▁detail,▁from▁filter▁angle▁to▁fibre▁heating,▁makes▁a▁real▁difference![extra_id_0][extra_id_1]user0[extra_id_12]Even▁something▁simple▁like▁fibre▁diameter▁can▁change▁the▁outcome▁under▁heavy▁neutron▁bombardment![extra_id_0][extra_id_1]user1[extra_id_12]I▁love▁how▁they▁use▁blind▁fibres▁to▁turn▁an▁optical▁problem▁into▁an▁engineering▁advantage![extra_id_0][extra_id_1]user0[extra_id_12]It▁is▁a▁stroke▁of▁genius!▁Subtracting▁the▁background▁gives▁clear▁signals▁and▁true▁protection![extra_id_0][extra_id_1]user1[extra_id_12]Data-driven▁calibration▁is▁the▁future▁of▁fusion▁diagnostics![extra_id_0][extra_id_1]user0[extra_id_12]The▁JET▁campaign▁has▁set▁the▁benchmark▁for▁future▁optical▁interlock▁systems![extra_id_0][extra_id_1]user1[extra_id_12]I▁cannot▁wait▁to▁see▁these▁innovations▁in▁action▁on▁even▁bigger▁machines![extra_id_0][extra_id_1]user0[extra_id_12]Thanks▁for▁joining▁us▁on▁this▁deep▁dive▁into▁fusion▁safety▁and▁optical▁marvels![extra_id_0][extra_id_1]user1[extra_id_12]Stay▁curious▁and▁keep▁following▁the▁world▁of▁fusion▁technology![extra_id_0][extra_id_1]user0[extra_id_12]Until▁next▁time,▁keep▁those▁beams▁bright▁and▁those▁ducts▁protected![extra_id_0][extra_id_1]user1[extra_id_12]Goodbye▁everyone!▁Fusion▁excitement▁never▁ends![extra_id_0]

Prompt token IDs:
261 1495 501 272 1337 28819 2769 1168 747 82889 726 1733 5848 57163 11424 1862 124342 485 260 261 1495 503 272 50097 5366 671 16520 4929 603 621 1614 1767 4905 933 14298 726 4121 485 260 261 1495 501 272 8162 876 84603 18463 2183 1072 10861 56355 13858 658 4174 1531 7294 603 46138 868 101744 485 260 261 1495 503 272 5165 9476 19403 671 21022 663 1158 44977 11022 933 537 3393 485 260 261 1495 501 272 3419 732 537 3858 5299 663 2147 10601 658 21439 6021 1115 8833 22763 76984 485 260 261 1495 503 272 528 12130 7991 4426 747 621 6472 488 1213 2027 800 1018 9814 2602 55285 9705 485 260 261 1495 501 272 110809 485 1011 1614 2352 663 101744 488 48275 488 671 17680 22947 2769 732 1905 52101 485 260 261 1495 503 272 18092 12336 488 901 6800 14563 658 84603 37535 488 6152 537 3337 10815 485 260 261 1495 501 272 20637 4277 7190 1862 84603 36622 1115 3958 621 23900 2093 13990 104796 121398 871 485 260 261 1495 503 272 531 5021 2147 1376 1688 28274 84603 521 658 4259 846 44977 5893 1939 846 22947 14876 485 260 261 1495 501 272 3673 732 537 19885 663 53649 485 131002 630 621 6708 10846 4773 27131 671 1415 14455 485 260 261 1495 503 272 1802 49673 58741 732 621 6472 663 57163 75260 485 260 261 1495 501 272 1337 1079 2325 7984 1196 1252 621 45190 726 6472 44977 1614 1767 9705 485 260 261 1495 503 272 531 6985 6362 658 2596 2602 69119 603 3313 750 2606 17670 19872 485 260 261 1495 501 272 19893 726 28503 1050 750 797 9094 47320 1939 57163 11524 671 44977 68891 521 485 260 261 1495 503 272 59417 35232 671 4299 4628 621 3241 663 57163 8952 485 260 261 1495 501 272 39041 3109 1513 488 4299 3193 75980 15611 671 3193 68158 521 4493 485 260 261 1495 503 272 23804 45095 8307 485 65289 43452 4430 16229 485 260 262 110866 501 272 273 26229 274 171223 165113 170356 170660 167871 168427 171253 171260 166354 171028 166603 164092 164140 169222 169919 171926 170123 166519 169919 171926 170123 166519 169919 171926 170123 166519 169919 171926 170123 166519 169919 171926 170123 166519 169919 171926 170123 166519 169919 171926 170123 166519 169919 171926 170123 166519 169919 171926 170123 166519 169919 171926 170123 166519 169919 171926 170123 166519 169919 171926 170123 166519 169919 171926 170123 166519 169919 171926 170123 166519 169919 171926 170123 166519 169919 171926 170123 166519 169919 171926 170123 166519 169919 171926 170123 166519 169919 171926 170123 166519 169919 171926 170123 166519 169919 170477 170123 166519 169919 166429 164092 169559 169054 166452 164370 164573 164370 169808 171260 165999 170727 164506 170359 169823 169931 164097 167991 164758 170709 164070 167098 167542 170528 167772 168650 166545 167508 171064 167705 172001 168150 166230 167573 166790 170642 165876 166309 167052 170963 170045 164757 168959 170032 166379 168273 169768 166543 167772 168197 171947 169479 170478 168502 169342 172023 168514 170449 167769 166040 168927 166538 165336 170874 167727 167854 170454 167461 172012 171364 169281 164090 171525 170937 166578 168265 167727 167510 172031 170838 168698 171037 168525 165681 165152 170891 170454 171056 168063 164938 167238 170923 168604 166666 165791 165681 170697 171075 164758 167499 170965 166186 168948 170704 165359 169757 168850 171947 166279 170768 164044 166849 171167 164488 172001 169196 168537 167913 165564 169196 166097 164007 171791 166698 170713 166689 167912 164332 164620 170025 168848 165661 168521 171947 170559 171115 166022 165840 165190 170157 165779 164277 165595 165366 167279 169633 167648 170665 167331 167100 170589 164431 170604 167269 164214 169458 168509 164159 169625 163989 165818 167869 167666 165457 168321 171037 169999 166954 165709 168266 165664 169988 169258 170421 164097 165911 164617 165909 169999 167510 165073 164657 170244 165528 163934 169039 165621 167302 164277 165984 167241 171082 169862 168194 167190 167367 170477 167462 166160 168984 169182 167098 170025 169801 165709 167614 168466 171398 170923 167269 171133 170791 166160 164795 171528 166424 164552 171056 170278 170659 170010 164370 171423 166811 167866 163863 164617 164223 165973 164628 165973 164628 164926 171370 164366 168583 170887 170794 166755 275 260 262 110866 503 272 273 26229 274 171493 165857 169902 168115 171223 164824 166984 167582 170123 169900 168037 168112 165731 164731 168037 168112 165731 166519 168037 168112 165731 166519 168037 168112 165731 166519 168037 168112 165731 166519 168037 168112 165731 166519 168037 164366 164871 166726 164402 166773 168931 165622 167031 164370 164233 167526 170509 163931 164975 168984 168512 169801 164617 167724 165539 164030 169763 171152 164252 165099 167448 171297 170182 167795 164094 165359 167315 168311 164917 167523 165448 170119 171423 166129 164457 170579 170116 167329 171127 168273 169302 166875 171605 165682 167190 170791 164547 169495 169245 164876 167058 169788 170637 169075 171431 167470 165242 167167 164887 171112 167727 166306 167221 169417 167772 166834 165067 169436 165933 164887 170151 165659 165231 169803 170513 167493 167315 168311 164917 167523 165448 170119 171423 166129 164700 163969 170116 167212 170942 167871 167269 168312 164827 171873 167995 169331 170999 168430 170637 171587 170888 164586 167111 169458 165671 169544 170578 168273 170699 170181 171978 164674 169976 169596 170478 165718 166713 171004 166599 165610 164428 167175 171029 168469 167772 171160 169241 170513 164887 170179 164097 171460 166636 169976 165196 168811 165302 168417 168557 170800 165438 168797 164124 168466 165722 164203 167386 164742 170806 164407 171559 171252 167882 170292 168597 170791 171857 168220 171752 170706 169059 165168 164488 165073 170923 165014 165288 167526 166932 165888 168998 165709 165676 165190 167772 171551 170923 168289 166168 170904 165246 164592 167774 164803 165257 169538 168669 168393 168030 167564 165528 164252 166141 169123 167965 168570 166016 166174 170278 164252 166141 166165 164832 168469 164917 166374 166545 163969 164617 170677 170195 169976 169506 168491 168273 163978 166141 166888 165617 168523 164556 168047 165841 166747 170120 164837 170120 164837 166135 171587 169223 275 260 262 110866 501 272 273 26229 274 167687 164370 166373 170794 171260 164275 166984 166137 169738 168073 164731 168037 170178 165731 164731 168037 170178 165731 164731 168037 170178 165731 164731 168037 170178 165731 164731 168037 170178 165731 164731 168037 170178 165731 164731 168037 170178 165731 164731 168037 170178 165731 164731 168037 170178 165731 164731 168037 170178 165731 164731 168037 170178 165731 164731 168037 170178 165731 166726 169919 165978 171310 166362 168056 165978 166828 164731 167032 168415 164296 167684 167032 164632 164296 167684 164331 164632 165424 164731 164331 164632 165424 164731 164331 164632 165424 164731 164331 164632 165424 164731 164331 164632 165424 164731 164331 164632 165424 164731 164331 164632 165424 164731 164331 164632 165424 164731 164331 164632 165424 164731 164331 164632 165424 164731 164331 164632 165424 164731 164331 164632 165424 164731 164331 164632 165424 164731 164331 164632 165424 164731 164331 164632 165424 164731 164331 164632 165424 164731 164331 164632 165424 164731 164331 164632 165424 164731 164331 164632 165424 164731 164331 164632 165424 164731 164331 164632 165424 164731 164331 164632 165424 164731 164331 164632 165424 164731 164331 164632 165424 164731 164331 164632 165424 164731 164331 164632 165424 164731 164331 164632 165424 164731 164331 165588 165424 164731 164331 165588 165424 164731 164331 165588 165424 163981 164331 165588 165424 163981 164331 165588 165424 163981 164331 165588 164296 163981 164331 167159 164353 169222 167032 164827 168931 169387 164370 167258 167716 164370 167876 171689 166354 169310 167307 170892 165299 169231 167741 165181 168799 167772 166435 165498 165362 169407 170731 164811 164543 164208 166594 166698 170025 166024 163869 168799 166545 170064 165365 170791 171920 165030 164841 169299 170478 168380 171260 168499 165011 168988 169162 169798 168623 171528 169375 166543 170025 164115 165855 170489 166653 166794 166854 165637 164057 165681 164758 169904 166178 164215 168667 168394 166936 166203 170727 167241 165544 169862 169549 169862 167716 166378 165276 164022 170575 166537 169047 166003 167965 168238 171115 167276 164623 171332 168143 168799 167772 169788 166974 170039 170721 166911 165969 164741 169337 167884 171725 168560 166206 171133 168273 165673 170192 167772 167688 165955 165681 166675 167400 166813 169312 171539 170000 167772 169145 167473 166367 166031 164917 170421 165265 169838 163869 171037 165365 169720 165381 164077 171922 169547 165753 170278 167772 165059 171126 169663 167772 167283 171065 165681 164457 165901 166593 167183 168814 167727 167510 169548 171819 170699 169312 164098 171056 164907 165435 169807 164033 170806 166212 164824 163844 168191 165687 164293 165909 169555 164786 166951 166291 171963 168698 168799 171029 164412 166609 168597 168499 165190 169607 172016 168031 171473 170794 166160 169495 164677 170999 167845 164097 169788 166839 170272 170064 171056 168560 170731 166707 170727 165190 170700 168882 167883 166790 169426 169375 167648 164018 171862 166467 170284 168264 166605 170700 165451 164292 165139 166782 164836 165076 171085 170963 166954 170972 171651 164030 171364 168387 171819 168630 170637 170806 171825 164442 167412 164807 169371 170574 166834 166196 166762 171029 166330 167875 171997 168290 170359 169258 170631 165528 168888 171758 171819 169375 167839 167832 171809 166502 170027 164354 171294 163881 166456 170760 169266 168698 169979 166713 164697 166550 169171 168321 166024 167849 171037 171029 168058 167040 170923 164337 167412 170042 166811 163844 169788 164617 170195 164097 169464 165863 167716 171260 169871 171888 164837 167469 169039 168173 164279 169346 169318 164556 171260 170191 275 260 262 110866 503 272 273 26229 274 166135 170228 168239 166238 165204 169905 171272 171311 169627 171758 164287 164553 166424 171374 165433 164542 164519 169040 169899 165879 165973 165888 168469 171431 163969 170253 169463 168005 169421 170665 170182 166491 169182 169450 168041 166386 165291 167040 163897 165190 170179 164567 170762 169256 164290 171431 164876 166545 171160 165933 167466 171941 165958 165099 171149 167965 166834 170284 168499 165346 167278 169951 166834 169483 168273 171539 168589 170233 170567 167738 167573 166291 167573 167728 170660 164326 167113 169248 165644 165231 170742 166675 168754 171278 167158 166698 169229 171213 167198 165338 171081 166854 163843 167150 170921 168491 170879 170530 168491 166037 168680 165412 166023 168836 168174 170800 165042 169386 168469 163862 170386 165610 167424 164755 164097 170341 170791 170690 171152 169519 164891 169266 164638 169218 165888 166991 168307 167772 166675 165876 165836 168616 165339 167607 171297 169234 164970 165987 164012 169512 166828 170889 166545 163969 169843 166477 171260 164143 168430 171819 167112 169123 165779 170034 171483 171524 168047 170055 169149 164756 169012 166186 170986 171831 169497 165394 164162 165432 171002 167348 165236 168756 164446 167542 165876 165820 167293 166834 166024 164097 170879 167772 165332 164266 170451 171152 171819 168491 171819 166972 166511 166477 169976 167175 165276 169495 171630 171593 275 260 262 110866 501 272 273 26229 274 165841 167716 166238 166160 166133 167716 164824 169915 167427 171190 168526 168112 170123 166519 166346 168112 169772 166519 166346 168103 169772 166519 166346 168103 169772 166519 166346 170178 169735 166519 166346 170178 169735 168682 168526 164808 164370 164090 164573 164370 167876 167716 169157 170782 166089 171036 171922 164097 167845 168188 166835 168273 166307 166310 169788 166545 165271 170441 165528 165099 169145 166545 165288 170044 164478 166593 164171 164255 170435 170821 168321 170086 168063 169312 170278 170160 165272 171411 168589 171152 171968 170690 164993 165528 165099 170192 170116 168667 169483 166543 168922 166834 170181 170784 165163 167217 170561 166322 165681 169504 164240 166322 165106 170044 165640 164076 171053 170387 169855 170574 165433 164617 166762 171029 170226 166769 166330 165709 167324 170160 170923 169581 170151 164037 169855 170742 170000 172012 170054 169870 167877 166605 165190 170700 166811 166003 167845 172012 167464 170637 164585 171014 166269 169972 165524 167754 169145 166140 164824 171416 168273 164318 169242 170742 169519 171513 165271 170699 169918 170624 164340 168026 171056 167884 170271 170784 166016 168499 169288 165039 168012 167884 168072 170278 167463 169717 165190 168191 170032 170957 169426 169483 167346 169999 169936 166284 171075 164758 169134 169853 170963 166922 164279 169145 170727 164299 169549 169862 171082 165567 164326 171260 167462 168259 171292 165506 168888 165917 168699 164090 167109 170513 170192 167869 168232 166713 169186 170253 165358 171922 165359 170574 166934 169482 171819 169788 164887 165815 165439 167305 165753 170700 168829 164097 168417 169186 169519 171513 165271 167870 169312 165039 165281 169498 166477 164889 164333 164290 168191 170415 168953 165476 165528 165099 170192 166291 165497 168698 164412 171029 165917 167772 163879 164961 171233 166210 167523 168655 169258 168829 171935 164886 169770 164902 167723 166174 168129 171085 170305 170016 163880 164031 168394 171819 167367 164512 171260 170055 275 260 262 110866 503 272 273 26229 274 169149 166135 167036 169149 164756 169687 164657 171962 165617 167688 164671 168669 165461 165011 164881 167329 166769 170561 166612 165779 167590 165451 168050 167724 169237 171144 169331 165208 168944 169868 169375 166834 167606 169913 167992 169831 171458 166279 170784 170861 165753 168075 169302 170699 165011 171539 167671 171758 167656 168257 164125 169951 166111 165042 167329 166658 169763 168555 169547 166804 169377 167307 169811 166170 165307 164578 165595 167302 164097 168570 169755 169473 171039 168657 166594 171402 169095 170152 164153 166387 165291 170513 170799 168998 171409 164766 164570 169256 171293 168698 169421 164158 170954 166138 167297 167882 170820 168839 168244 165204 165192 166477 169399 169931 171551 164417 171167 166603 168888 167772 167688 165440 165987 168243 166888 165346 164508 168394 169427 170942 167671 168050 168819 167772 165684 170898 166240 169342 166262 166430 169976 164881 165381 165924 164841 167217 167593 165718 165600 167959 170346 168931 167133 168455 166306 171479 164617 165607 164743 170276 170820 166593 170871 170182 167727 169337 170365 165307 165213 169976 168811 169803 166913 166666 166291 169868 164617 168491 164786 168848 164162 166834 170971 170923 171721 163937 168050 169868 171314 167494 168273 165398 166520 170509 170992 169868 167959 169196 165727 167729 166615 165758 170042 172029 166306 164967 168699 170926 170284 168613 168862 167870 168273 167373 169506 167112 171819 165894 169862 171524 275 260 262 110866 501 272 273 26229 274 171915 166080 164616 164613 169319 169550 168668 166160 166632 164370 167876 164370 170421 168520 166016 168463 169915 168815 168526 170820 163944 166519 169919 170820 163944 166519 168526 168047 168931 171740 168239 170267 170640 170902 171291 164090 171203 171260 164824 171260 164090 169105 167716 167700 164140 167391 171840 165753 170943 164617 166762 171029 170247 171551 170923 171096 167037 165381 165398 171067 170972 167772 167688 164530 167283 171162 169730 165474 168312 171516 166388 165626 169462 171232 168615 165955 167523 170707 164167 169375 164278 171940 168569 164369 167338 170323 171308 170616 171260 167226 165586 168517 166435 164824 164824 171499 164052 164824 167345 168787 166089 171036 171922 164097 167845 168672 167664 166357 168387 172020 166306 170133 166673 165954 168499 169976 169288 170531 167663 170342 165252 166622 170923 171417 167307 170657 170201 169069 170498 167334 168321 167845 168050 167614 170665 167324 165709 164098 168792 164975 166094 164343 166849 165667 168393 171584 169999 166287 165365 170923 170372 165206 164824 169258 168814 164417 171721 164617 170195 164097 168537 169241 166452 169871 167037 165381 169039 166105 163882 169039 164967 168146 164030 171260 168034 169862 166044 165841 167716 167800 170359 169495 164586 165085 165681 167064 171972 166675 164077 168321 170086 164775 164657 168961 166639 165190 167329 168307 165427 165252 166695 169439 164662 165042 170657 170025 166752 169453 171869 171721 164617 166991 165746 170791 170923 169871 168381 167671 166922 166954 168394 165296 171289 164556 166031 171260 170055 169149 168712 170660 169345 166739 164506 170633 170034 166454 169548 171064 165709 165544 164296 170267 164642 169502 166237 170159 170665 166915 165626 164657 166006 168381 166671 171351 170072 170528 170328 164521 167269 171064 165770 165985 166713 170478 167297 170615 167342 172012 172020 170827 170778 169336 164010 170179 164755 170278 172012 170679 170284 164338 166237 170206 168818 171819 165709 169303 165252 165225 167772 171064 170699 169918 167832 171809 165070 167279 172028 166168 170064 170159 168818 171819 164617 170200 165718 169718 171624 171791 165626 165309 170307 171758 165421 169552 169832 166772 171233 164493 169435 170727 169258 165451 168387 168058 163869 171037 165365 170963 172020 165255 170513 165894 166811 164903 171238 170813 170637 169003 172020 169426 166954 172001 171300 171185 167493 167992 168417 163869 168193 164617 169328 168050 165032 165008 166670 171624 165758 168393 168521 170921 166131 166288 169918 166166 169673 166178 170971 165841 171260 166210 275 260 262 110866 503 272 273 26229 274 171253 166557 164485 170408 171925 170178 163944 164731 169919 170820 163944 166726 170883 166611 165595 165645 166452 164090 167258 164370 167876 169616 163966 164824 164090 164017 164370 171477 164063 171260 168599 164851 166030 170477 170123 166519 164467 171926 165731 166519 169919 171926 165731 166519 169919 171926 165731 166519 169919 171926 165731 166519 169919 171926 165731 166519 169919 171926 165731 166519 169919 171926 165731 166519 169919 171926 165731 166519 169919 171926 165731 166519 169919 171926 165731 166519 169919 171926 165731 166519 169919 171926 165731 166519 169919 171926 165731 166519 169919 171926 165731 166519 169919 171926 165731 166519 169919 171926 165731 166519 169919 171926 165731 166519 169919 171926 165731 166519 169919 171926 165731 166519 169919 171926 165731 166519 169919 171926 165731 166519 169919 169696 165731 166519 169919 169696 165731 166519 169919 169696 165731 166519 169919 169696 165731 166519 164467 169696 166009 166519 164467 171726 170916 165645 170727 164033 169920 168239 167031 167833 169495 166737 165190 165008 168587 164097 164492 167903 165366 171998 168899 165718 165600 170328 165381 170246 164499 164978 166276 170179 164833 170152 164171 169337 165271 164492 164935 167181 171974 168455 165957 170369 166291 167329 167415 170936 169482 170904 165770 163913 164057 169926 166935 168151 170609 164657 167716 169443 165079 171034 164671 164351 165888 171732 168567 163995 169319 166769 164454 167035 168004 166240 171281 165435 167736 170530 166803 164967 171195 170010 166007 171974 170582 167772 171556 164607 167114 171651 165208 169548 163871 164292 164911 168050 165235 168852 169687 164512 169860 165338 166789 169851 166794 170003 170359 164120 171112 171374 171344 169155 170480 172006 167688 170928 164643 170203 165432 165181 168469 168050 165461 168354 170603 170658 164607 164032 165688 170971 167438 165617 166813 164159 170152 164081 168273 167473 170579 168589 168658 169699 164431 169185 171809 170968 169333 170027 171430 171260 169241 166679 170851 166197 171436 170359 163995 171707 168706 167936 168658 164287 169745 164808 165039 171152 164252 165099 167093 165085 170474 171458 168286 163994 168393 169757 165011 167415 169386 169851 164279 166037 164313 167833 167642 167415 165190 166545 167316 170804 171650 169538 164671 169357 168899 168393 166374 170300 163969 166558 166477 170191 168953 169976 166186 169039 171819 165099 164967 172018 169987 166080 168047 164078 275 260 262 110866 501 272 273 26229 274 165113 168012 169428 169955 164117 164549 165648 169679 167648 170848 169453 171803 169918 164336 164370 166324 164277 168781 166135 167388 165257 170180 164679 168239 167549 163904 171260 164824 164090 171474 168239 164370 169596 165856 168781 171768 166632 166089 168149 168436 167269 171056 171539 165381 169151 166008 166003 164079 164407 166370 165876 169296 171528 171044 168150 164982 164643 167772 170482 171007 165362 165425 168825 170923 171319 169931 164097 171819 168387 164996 164559 166174 168026 169976 171238 171172 166310 165359 168143 167845 167992 171322 170351 170987 167551 167782 170797 171532 165791 170119 170697 168445 165744 165654 167912 168826 164311 169801 165709 167614 170328 165930 166711 167037 166168 169675 169077 167493 171297 166024 163869 168799 166545 170064 167238 170923 164337 166670 164841 168197 170044 165368 170923 167122 168814 167965 165394 163869 170247 171374 165713 170696 166439 168143 165023 167772 165433 170819 166712 170160 169426 166834 169460 165272 164907 164809 166835 168776 165569 165236 163848 165841 167226 171133 166168 165602 169426 166606 170919 167040 165720 171820 166592 165451 166951 167965 169426 169916 171056 164993 170731 169271 164010 164531 167729 170936 164134 171319 170192 167727 169570 170942 166439 172031 167342 169999 170464 167114 168401 166347 169971 166593 164388 167593 165909 168058 168557 170972 167402 171802 167973 169094 171787 171620 170234 164343 165146 166842 165338 171044 166698 166178 166673 171314 164287 170278 164809 171791 165973 171695 167297 163925 166454 167840 164617 167324 165365 165195 171991 168083 167884 171056 170652 168636 171144 168146 170780 163934 170331 166915 164912 165482 169988 165190 165011 166168 165427 165252 168494 170025 165564 167999 171397 166882 165497 170350 164090 170806 164244 170923 169931 170561 164809 167523 168997 167428 167647 166552 168741 168825 171257 170561 170025 167991 163869 171220 165758 167666 164488 166429 170727 171118 164086 164160 169951 171093 172012 165276 168213 166552 171797 167716 166276 169976 167873 170223 168959 167882 171260 170055 171956 275 260 262 110866 503 272 273 26229 274 165835 168787 164370 171291 169902 164370 167258 167226 169717 167876 171260 164090 166739 164370 167876 164370 171291 169902 164090 169920 170727 166632 166089 163943 165674 171581 170509 169999 169196 166545 165381 164912 171162 165125 169182 163932 165680 165474 167175 164421 169671 169196 164584 165954 171744 169798 166357 166834 165505 169196 171029 166024 166073 167333 166949 164586 171297 169417 168050 171205 170961 168935 165713 170152 165500 167329 165626 171148 168741 170963 164913 166038 169803 165040 171004 167493 164582 171032 170025 170016 169999 165851 171198 167819 171765 171285 164334 165356 169426 164371 167688 171920 171297 166111 164162 167175 166545 171411 165365 164390 164427 167374 171947 169309 168872 167794 165528 169976 167937 170088 171260 164438 168191 165524 166392 171575 171277 165949 169976 167926 170679 167294 169770 171556 171458 170658 167990 169913 167965 166834 165591 169895 164021 168875 167096 171776 164617 164967 171029 170528 171104 170923 169663 167424 170179 164097 170341 170923 167222 164574 168347 167688 171899 166840 168290 167226 171004 167436 165539 165718 169757 168469 164014 167175 164162 169284 165365 169803 169931 171771 166488 170016 170921 164038 163849 170069 166828 171166 170971 164063 171260 167476 169006 169687 169463 165091 167845 164881 166834 170637 170434 171980 169976 169288 166991 168243 165073 165987 170913 169951 165362 164010 169871 165208 170999 168658 168050 166834 164334 169012 164010 165753 164840 165211 167111 168964 164742 169913 171721 168311 166102 168466 167005 166713 165770 168041 171765 164209 165730 169162 169995 164097 166644 171236 169067 167688 166698 166291 168658 169483 164911 169779 166653 166944 164935 166269 171974 165528 169196 170890 167324 168129 165910 168555 169976 171720 168924 164290 170157 165601 167190 168554 167882 166011 169052 275 260 262 110866 501 272 273 26229 274 169149 168715 168009 164370 170510 167763 171260 169412 168082 168337 168463 167684 170233 171403 166491 167684 170883 171403 166491 167684 170883 171926 166491 167684 170883 171926 166491 167684 170883 171926 166491 167684 170883 171926 166491 167684 170883 171926 166491 167684 170883 171926 166491 167684 170883 171926 166491 167684 170883 171926 166491 167684 170883 171926 166491 167684 170883 171926 166491 167684 170883 171926 166491 167684 170883 171926 166491 167684 170883 171926 166491 167684 170883 171926 166491 167684 170883 171926 166491 167684 170883 171926 166491 167684 170883 171926 166491 167684 170883 171926 166491 167684 170883 171926 166491 167684 170883 171926 166491 167684 170883 171926 166491 167684 170883 171926 166491 167684 170883 171926 166491 167684 170883 171926 166491 167684 170883 171926 168257 167011 166484 168375 170863 171755 169847 169693 165053 171755 169847 166667 165053 171755 169847 164928 165053 171755 169847 164928 165053 171755 169847 164928 165053 171755 169847 164928 165053 171755 169847 164928 165053 171755 169847 164928 165053 171755 169847 164928 165053 171755 169847 164928 165053 171755 169847 164928 165053 171755 169847 164928 165053 171755 169847 164928 165053 171755 169847 164928 165053 171755 169847 164928 165053 171755 169847 164928 165053 171755 169847 164928 165053 171755 169847 164928 165053 171755 169847 164928 165053 171755 169847 164928 165053 171755 169847 164928 165053 166519 168037 167184 169807 170129 165645 163911 164090 169105 167716 164370 171342 168239 167876 168787 166089 171347 168436 164287 165380 165008 168128 170246 168923 172012 170054 166178 171044 171970 170182 164617 165139 167791 164215 166105 165398 168125 169386 170305 166639 168703 167593 170478 170821 168678 168357 164129 166334 165291 165987 171551 166452 167793 170246 164912 167053 171327 171509 166510 170044 170515 164655 169931 166016 166161 170179 166592 165807 169649 168198 171056 167884 171056 164907 167656 170637 169328 170064 165180 169548 165373 165770 169458 165709 163893 171528 168273 170247 170339 168394 164662 164982 164967 169513 164556 164765 171260 166031 170055 167435 164756 169157 169149 166797 168597 171699 170324 171647 169976 165779 167112 165099 166203 165709 166050 170441 170727 168499 165011 164079 165427 165252 170439 172031 165258 171029 171479 170369 167501 169241 167141 165034 164929 163844 166744 168063 167921 164209 164289 164433 169426 166767 169145 167040 170923 170192 165359 166291 171963 171385 166762 171029 165433 165684 164657 165356 164574 164775 168574 165163 169512 172031 169328 165277 169458 170082 168494 165803 164090 168982 166452 170477 168814 165307 167705 171431 168832 165059 164524 165307 172001 171037 170727 169847 170696 164714 166553 166091 167851 164339 168387 169312 168050 169812 165718 166713 164646 170589 168273 168430 168667 168150 166310 166306 170574 167845 169357 169897 166610 167728 165876 168146 169951 169730 167402 164484 167100 167308 163948 170963 172001 165570 169261 170155 165138 169549 167626 171721 170637 168733 165841 170540 165190 172029 171220 168326 171734 165888 168850 169778 168195 166769 168537 170923 166160 170182 165506 168232 166713 171002 171292 170923 166558 168191 165687 166291 171963 164617 169331 165365 171368 168662 169763 170179 170077 164867 168829 171297 166730 172012 164326 169281 170121 170069 170054 167109 170292 167716 167716 275 260 262 110866 503 272 273 26229 274 170055 171524 168839 164646 169616 171446 168239 166848 170794 171699 168509 164732 164290 170278 166326 171622 164553 166170 164907 166609 164340 169196 165128 168058 165664 169803 164917 167835 166677 171458 171002 170086 166545 167127 171197 164097 166790 166379 166784 169002 170477 166830 167593 170731 166545 167216 166374 171029 165255 165125 169182 167542 168686 167238 167743 166033 168633 167294 168579 164617 168469 168050 165381 164570 167662 168083 166657 170112 164755 165365 170890 171152 166328 170637 171764 170417 171721 164277 165752 167716 167716 170623 170086 171138 167133 168741 171205 164297 169377 169182 164097 168469 164153 169998 168004 165610 168669 170328 169095 166170 169357 169837 170478 170690 168499 165190 164151 169302 166136 164607 171947 167374 170921 169924 171300 167709 168700 171606 165449 170328 169095 166170 170665 169837 166769 164993 164431 170112 171211 166834 164060 170637 170351 166639 164362 166291 166284 170893 167175 165128 166379 171869 171398 167882 170392 171103 171108 171869 166284 167531 164967 171029 169523 168951 169426 165779 165875 169399 164252 165211 168143 167133 169455 170513 169418 164907 168814 167373 166576 170847 169248 166888 171819 169366 169987 171524 165815 275 260 262 110866 501 272 273 26229 274 168047 164078 168047 171956 164093 164837 164370 166135 164994 169506 164117 166922 170670 168498 169616 169233 171343 169717 171499 164370 164573 166160 170077 171291 169717 167876 166981 166197 169187 170847 171922 164097 168238 167473 164313 171944 164917 170700 165451 164097 168436 164617 170000 167573 169951 171407 168562 165933 168772 169830 165506 171721 165173 164881 166543 168922 165433 164584 170812 169381 170923 170972 167293 170252 164034 169728 166543 170699 169312 164806 169312 164907 171583 164334 165567 165567 167342 164617 170723 168741 170963 167873 170247 166139 171172 165359 164617 170287 164097 169788 168824 164564 170010 164411 168756 167965 165721 167040 170923 164877 164160 170574 171802 165709 166237 168203 165876 169331 165307 170604 168185 164602 167376 167008 167436 164809 165220 164032 164902 171675 170439 168296 166452 170696 166050 169920 166065 165738 169649 164841 170083 167005 169116 169345 164208 164873 169015 169095 166520 170665 166771 165365 168492 171980 165190 170700 165451 167772 170170 171947 165569 171672 167725 166149 165394 168321 165530 171029 167577 165365 170923 169310 167489 169659 170179 170328 170838 170768 168924 167498 165506 166806 166840 167402 171075 171166 169287 171326 170476 167119 171819 170652 171118 166673 165954 166872 169976 169288 170234 165718 166713 166698 170713 165955 167208 166653 166024 163869 167655 171029 169838 171571 167716 165356 171721 168273 171970 167672 165359 168143 167845 165365 170963 168273 168193 169254 170359 169258 168814 167772 169720 167402 170679 165333 166537 166983 171659 166334 171044 171238 167991 166936 171172 167484 166016 170055 275 260 262 110866 503 272 273 26229 274 171524 170191 165109 166584 164616 165780 166186 166522 171527 166639 165674 167965 167688 168673 169196 166545 171820 169381 171624 168213 167873 169015 165190 171431 169788 170637 169075 169951 167175 164162 167400 165746 167704 172015 168118 172023 163916 167772 165870 170246 165722 169104 166720 170042 169976 166730 169482 165151 164764 169976 169506 171172 165099 168737 167315 169337 171127 169976 169381 170255 169145 165190 170942 166424 165051 165528 171974 169182 165126 165208 169918 166834 166828 164386 166545 163863 165801 169527 170928 166698 165378 168658 168050 165381 171214 170589 164137 170700 167125 170582 166790 168430 170637 164036 171397 168664 170719 166834 169455 171144 167145 169951 166834 167216 166374 171029 166834 171695 170673 169763 170582 166905 170335 170328 168756 171431 167727 171764 166828 164010 169798 166564 165841 167716 166607 169006 169905 171831 166639 165394 166882 169266 166132 166653 167606 169913 166237 164026 168818 170152 170665 170731 169151 165303 167473 166834 166397 170637 164479 170650 164390 169931 165365 169548 168658 171516 170690 164574 164085 165888 171556 171002 168542 166418 167595 165709 163980 169328 165190 164567 164867 167574 166306 166291 168273 167415 165665 166438 168273 169558 166969 168925 165991 164636 169976 166186 163913 170777 168491 169596 169458 171294 169791 275 260 262 110866 501 272 273 26229 274 168047 165815 167738 171725 169223 169948 164692 167716 169902 170098 166160 170421 167763 170923 169787 167427 170408 164053 170477 167931 164731 168526 170820 167931 164731 168526 168913 167931 164731 168526 168913 167931 164731 168526 168913 167931 164731 168526 170820 167931 164731 168526 170820 167931 164731 168526 170820 167931 171755 164053 166429 166683 164510 165638 169884 165978 167376 167548 167864 167498 170845 168711 171025 167498 171644 167548 168037 167498 171644 167548 168037 167498 171644 167548 168037 167498 171644 165622 168037 167498 171644 167548 168037 167498 171644 167548 168037 167498 171644 167548 168037 167498 171644 167548 168037 167498 171644 167548 168037 167498 171644 167548 168037 167498 171644 167548 168037 167498 171644 167548 168037 167498 171644 167548 168037 167498 171644 167548 168037 167498 171644 167548 168037 167498 171644 167548 168037 167498 171644 167548 168037 167498 171644 167548 168037 167498 171644 167548 168037 167498 171644 167548 168037 167498 171644 167548 168037 167498 171644 167548 168037 167498 171644 167548 168037 167498 171644 167548 168037 167498 171644 165622 168037 167498 171644 165622 168037 167498 171644 165622 168037 167498 171644 165622 168037 167498 171644 165622 168037 167498 171644 165622 168037 167498 171644 165622 168037 167498 171644 165622 168037 167498 171644 165622 168037 166198 171644 165622 168037 166198 171644 165622 168037 166198 171644 165622 168037 166198 171644 165622 168037 166198 171644 165622 168037 166198 171644 165622 168037 166198 171644 165622 168037 166198 171644 165622 168037 166198 171644 165622 168037 166198 171644 165622 168037 166198 171644 165622 168037 166198 171644 165622 168037 167721 171463 165622 168037 167159 166282 166088 165113 169052 164370 166633 171291 166282 165199 169603 168723 166545 170816 167959 169506 168497 170526 164531 171528 166105 170191 168430 171473 166065 167473 168678 165864 165365 166069 166031 168083 168882 170699 170439 170958 170807 168567 170064 171765 164907 165346 169513 171869 170731 167818 171135 169513 169788 168557 166050 167772 166454 167466 164215 171238 166146 164418 165098 164030 169242 164311 166840 167402 167428 165114 169483 166348 164178 169951 167324 165811 170891 171819 164077 168656 164484 170727 170359 170179 168814 168198 171056 168560 168658 164886 170923 169310 164047 164824 167122 168814 164097 169974 168321 167013 169999 166050 171029 165258 167772 171629 168888 166275 170313 166594 169552 170988 169759 165276 165876 170133 165841 166276 168191 167438 167060 169145 164354 163880 168990 170430 168669 167279 169633 168366 170665 165092 171984 164993 164431 170077 164883 167965 166432 164296 164033 164585 167192 165173 164817 167112 169147 166291 165173 168063 171056 166658 166379 165684 165952 165206 168787 169647 170179 168814 165957 167614 167884 168569 164993 167338 168760 167725 170615 169549 167965 165917 165876 170806 164605 167928 164541 165667 164032 165220 171029 168058 167040 170923 164337 171294 168499 166165 170913 169788 164063 170727 167866 170561 164891 164592 165197 165681 165493 170812 163963 170956 166767 168368 163869 166050 165718 164997 165252 166112 164896 167493 167965 170119 167402 169323 165744 167622 165744 164525 167614 171044 168173 167991 166805 167523 164950 169264 171260 275 260
