=== TURN 251/259 • PROMPT AFTER TRIM ===
Removed script turns: 10
Remaining script‑turns: 19
Remaining assistant‑turns: 10
Total prompt tokens: 2565

Decoded prompt:
[extra_id_1]user0[extra_id_12]And▁neural▁networks▁can▁now▁run▁on▁tiny▁microcomputers▁the▁size▁of▁a▁credit▁card![extra_id_0][extra_id_1]user1[extra_id_12]3▁Dimensional▁Gaussian▁Splatting▁is▁used▁in▁video▁games▁for▁fast▁rendering▁too![extra_id_0][extra_id_1]user0[extra_id_12]Differentiable▁simulators▁are▁being▁built▁for▁self▁driving▁cars▁and▁even▁space▁robots![extra_id_0][extra_id_1]user1[extra_id_12]Reinforcement▁learning▁is▁inspired▁by▁how▁animals▁and▁humans▁learn▁from▁rewards![extra_id_0][extra_id_1]user0[extra_id_12]Context▁encoding▁is▁like▁a▁memory▁for▁the▁robot,▁helping▁it▁avoid▁repeating▁mistakes![extra_id_0][extra_id_1]user1[extra_id_12]Curriculum▁learning▁is▁modeled▁after▁how▁humans▁learn▁easier▁tasks▁first![extra_id_0][extra_id_1]user0[extra_id_12]Zero▁shot▁transfer▁means▁fewer▁field▁tests▁and▁faster▁deployment![extra_id_0][extra_id_1]user1[extra_id_12]Sim-to-real▁is▁a▁hot▁area▁of▁research▁everywhere▁from▁robotics▁to▁healthcare![extra_id_0][extra_id_1]user0[extra_id_12]Gaussian▁splats▁are▁just▁math▁equations▁but▁together▁they▁create▁amazing▁realism![extra_id_0][extra_id_1]user1[extra_id_12]Variational▁autoencoders▁can▁generate▁new▁images▁from▁compressed▁codes![extra_id_0][extra_id_1]user0[extra_id_12]Reward▁shaping▁can▁make▁training▁ten▁times▁faster▁if▁done▁well![extra_id_0][extra_id_1]user1[extra_id_12]Gradient▁descent▁powered▁machine▁learning▁has▁revolutionized▁artificial▁intelligence![extra_id_0][extra_id_1]user0[extra_id_12]Sensors▁on▁drones▁are▁getting▁smaller,▁cheaper,▁and▁more▁accurate▁every▁year![extra_id_0][extra_id_1]user1[extra_id_12]Wide▁angle▁cameras▁let▁drones▁see▁more▁at▁once▁for▁better▁navigation![extra_id_0][extra_id_1]user0[extra_id_12]Policy▁networks▁can▁now▁run▁at▁over▁thirty▁decisions▁per▁second▁in▁real▁time![extra_id_0][extra_id_1]user1[extra_id_12]Parallel▁simulation▁is▁like▁having▁a▁hundred▁drones▁flying▁in▁software▁at▁once![extra_id_0][extra_id_1]user0[extra_id_12]Point▁clouds▁are▁also▁used▁in▁archaeology▁to▁map▁ancient▁sites![extra_id_0][extra_id_1]user1[extra_id_12]High▁fidelity▁simulation▁helps▁reduce▁crashes▁and▁hardware▁damage![extra_id_0][extra_id_1]user0[extra_id_12]Thanks▁again▁for▁joining▁us▁and▁geeking▁out▁on▁all▁things▁autonomous![extra_id_0]

Prompt token IDs:
261 1495 501 272 5165 47128 22175 1115 2481 2782 750 21439 12760 66568 521 621 2387 663 537 10810 6241 485 260 261 1495 503 272 505 44424 619 74136 77733 601 2203 732 2585 603 4726 6491 726 8188 32999 3850 485 260 261 1495 501 272 100765 3711 64813 521 933 2882 9482 726 1130 15525 14733 671 2606 5993 45623 485 260 261 1495 503 272 1184 596 17188 11048 732 22860 976 2147 15600 671 19926 6643 901 33426 485 260 261 1495 501 272 3399 17561 732 1862 537 8189 726 621 19346 488 16453 815 9261 61862 32574 485 260 261 1495 503 272 26173 36795 11048 732 91183 2206 2147 19926 6643 13748 14373 2004 485 260 261 1495 501 272 28244 10634 13226 5693 26246 3557 11355 671 16648 36852 485 260 261 1495 503 272 21995 7823 107939 732 537 6737 5242 663 5772 26422 901 106438 658 28996 485 260 261 1495 501 272 529 71930 612 158401 933 1905 11133 59137 1213 6368 1376 3205 12614 100324 485 260 261 1495 503 272 84226 2887 5500 43038 521 1115 11187 897 8794 901 48518 21808 485 260 261 1495 501 272 88679 69919 1115 2204 8073 9456 5170 16648 800 4793 2837 485 260 261 1495 503 272 46611 57800 35450 9277 11048 1196 21613 2631 32233 17643 485 260 261 1495 501 272 48688 521 750 58198 933 6252 14479 488 36654 488 671 1368 20986 2510 1801 485 260 261 1495 503 272 90453 14563 28449 1867 58198 2596 1368 925 5195 726 4566 16735 485 260 261 1495 501 272 21666 22175 1115 2481 2782 925 1562 41684 17580 1159 3579 603 3337 1513 485 260 261 1495 503 272 25944 29906 732 1862 5800 537 12371 58198 25562 603 5390 925 5195 485 260 261 1495 501 272 4475 46818 933 1875 2585 603 59425 4198 658 4153 21676 10701 485 260 261 1495 503 272 18827 117721 29906 13673 12688 56641 671 18504 9120 485 260 261 1495 501 272 19893 2702 726 28503 1050 671 83608 630 1194 750 1158 4310 59543 485 260 262 110866 501 272 273 26229 274 165596 172016 170200 168938 165271 167294 170202 167472 166811 167397 167866 165600 170559 167198 167360 166584 167145 171029 169627 166646 171266 168250 171791 170853 171606 167302 164636 169131 169627 165432 167573 167294 170397 169580 170189 167181 169569 167156 165252 171248 169627 166364 171220 166111 166388 167990 171046 166730 165398 169318 167322 169151 170904 170874 165432 170874 166364 166463 167006 164437 164775 166936 167913 167468 171459 169690 166646 168589 163862 168879 164586 169627 165432 170874 166986 165288 165007 167158 170721 164085 169761 171791 167114 170874 166364 167573 167667 168792 171035 165241 168737 169627 171256 170489 170250 171266 166986 169521 169590 166105 171319 169131 165600 165271 166078 167457 165070 170020 170133 169162 166986 166097 166411 164723 170434 170246 165600 165271 166986 171791 171944 171700 167597 171620 168700 170721 169627 168270 167595 164344 165271 171256 171866 165600 169600 170526 167289 167211 170447 167456 169627 171029 171791 163926 170995 170582 169627 168945 166587 167831 166561 170662 167797 164411 169627 171029 171220 171029 171064 169756 170278 168075 170954 168259 164523 168557 169739 164959 164938 164565 168529 165327 168509 170043 164223 167688 166666 166176 166094 166646 171374 168751 167243 169779 167199 170300 167199 169899 168945 165427 170169 171479 167772 169716 168699 171256 168699 171256 171657 165600 171657 171256 165440 170525 165246 171081 172023 169215 171742 164339 169310 165433 275 260 262 110866 503 272 273 26229 274 164797 167753 166110 171384 169627 166545 169716 171657 170369 168869 165357 170351 170308 170428 165365 165440 165432 169002 164841 165273 169761 170894 166364 165246 169593 164656 167874 170112 166092 166581 168917 167959 166374 168938 170915 169704 170432 165920 170781 169002 171256 168872 169215 169012 169757 167605 167651 168633 166909 164252 168631 164828 164797 167959 168624 167959 166778 170112 165729 164097 168624 170300 165600 166854 166111 169002 163862 168098 165736 171458 166986 167772 171772 167006 169041 164097 165432 167402 171772 169256 167827 170351 168579 169483 165462 166381 170740 171657 170935 167343 165600 164192 168451 169895 164097 165387 165295 171656 170297 169895 167714 167243 164758 165338 165432 167402 170525 170922 169309 163964 168772 169075 167243 165273 171529 166752 171081 164656 170821 167985 172016 169155 171732 165876 167714 168574 171920 167293 163885 165174 164289 171732 169002 169437 169428 170369 168796 164607 171686 165902 170179 168452 164678 168126 171882 165432 171285 165902 170179 167834 166909 170043 170459 168932 164617 169282 167402 165600 164653 169757 168719 170368 170179 170286 171404 166986 165651 167493 170142 171256 171882 168708 165758 170121 168669 167452 163862 166157 171344 167772 171772 167201 165190 167772 170369 169880 166113 166411 164353 168307 170561 171882 170935 170242 171256 168699 166374 168699 170369 166157 170525 164641 168259 164400 168340 164313 163860 166347 165755 164070 166963 164456 275 260 262 110866 501 272 273 26229 274 165327 164353 165162 166308 170721 171248 164936 171029 165214 164742 166463 166078 167167 170777 164037 166612 168945 169812 167294 167167 165570 170721 171248 165271 171029 167051 164542 167866 169627 171256 168026 171256 166463 167294 166804 169116 164290 164948 169569 169131 166013 171029 165748 171066 169627 169282 165288 167175 164987 163926 167615 167164 169627 171248 169690 171256 165271 166364 168850 164686 169521 165106 169505 169131 169660 165295 164936 171029 166374 165425 165776 165501 166129 164515 172001 170721 164851 170230 170721 164661 164991 166364 166587 171459 171978 164407 167294 168817 169007 166013 165600 166127 168199 169230 167866 171256 165271 167294 171263 169284 169823 169755 170805 170700 169162 166986 166097 165432 171791 170811 170853 170855 167690 165480 166013 171256 164936 167294 167457 168765 168971 171683 167493 169627 171256 168026 171256 168041 168862 168371 168938 170982 164626 170982 169627 170474 171266 165432 166388 166804 167615 167164 169627 171256 166381 171256 171866 170369 164868 165776 169230 169284 167367 170987 171462 167784 165365 169282 164570 166078 170083 169279 167158 170721 169627 171256 169162 171256 165271 167831 164646 167317 169844 165398 167328 170602 169637 166272 167175 169690 168454 168075 171866 168486 171293 168862 170703 171029 165365 170474 171791 171801 167051 167114 167573 171256 170982 165600 165885 168199 167008 168574 164619 166972 169318 165012 169131 171882 169162 165044 169860 171459 171459 165271 171029 168041 171256 166127 164626 164723 166731 171805 163972 165358 165836 163971 164456 165327 275 260 262 110866 503 272 273 26229 274 164090 165342 168188 171256 165387 167667 164944 169160 168829 170662 165273 168945 171657 167827 166760 164097 165075 167402 169761 167772 171772 165859 167415 167006 165432 165246 164885 171152 167834 166909 165529 165294 168624 170393 166778 170955 170561 165472 168938 165734 169784 166861 168729 167772 171256 165811 168648 169256 169965 166136 168945 165859 167294 167877 171404 164755 164297 164457 171248 167402 165600 164042 168796 170702 170518 171532 165387 167644 164289 165600 170420 168284 165362 166978 164722 168579 165372 167493 169256 167752 168754 171081 164656 166111 167568 165958 170798 165454 168669 170530 164947 170474 165273 168796 171152 170152 170196 165749 167238 167959 168066 170530 171081 170181 171365 169112 169663 164313 164362 166677 163862 168586 165075 166920 165600 164768 170116 168286 167493 170142 167316 164866 170525 167448 171009 171583 164797 164912 168632 171657 171256 167343 170369 168796 165718 169012 168796 170179 171305 170598 168624 168143 166778 169453 169788 168719 165295 168982 169757 164944 167493 170142 168945 170242 167827 166760 168430 170179 163995 165480 168579 166907 170530 166545 167752 169155 171556 171456 167667 171733 170310 169383 164508 171731 165736 168397 168624 168699 171256 169002 169215 163977 171009 166603 164514 171882 165075 167432 171256 168754 165600 164032 170915 168143 168918 170162 169615 167834 164252 169349 163995 168811 168975 169490 171963 171864 275 260 262 110866 501 272 273 26229 274 171446 164313 167769 164959 171169 165271 171256 171539 167665 171447 166254 170874 165432 164886 167294 171791 171529 165952 165303 166594 170721 168797 166789 170874 164607 171791 171504 170559 170853 165398 171620 168612 170721 169627 171256 165271 167294 170749 170257 165955 168984 164991 165432 170874 170474 171791 165718 171791 167299 164290 165271 165600 166127 164487 165214 165738 171256 165271 167667 169230 169283 166308 166013 171256 170246 171732 171293 171325 169426 165673 167672 170721 168579 167535 166073 169627 165432 170867 166364 165271 170790 170454 165600 165291 163869 171791 168264 166804 164877 166073 169627 165432 170867 170525 169718 170063 164037 169022 169627 171029 171082 171256 165287 171081 165222 167774 164605 170673 171053 167992 164342 171256 169513 170525 167691 166263 164776 165151 170369 168850 165724 165738 165432 167456 166986 164723 170811 164738 168664 169297 166013 168075 165271 165776 169336 165151 164811 170094 168883 168099 167625 168998 170874 166364 171266 171732 167251 163963 165738 171256 165271 170369 168850 165776 164987 166979 171319 169504 165955 170509 164991 169282 170874 170474 171791 167294 171791 170410 165501 166150 166240 164761 170662 166013 165432 167573 171732 169421 171899 169151 169637 165252 165600 170246 165295 171866 163862 172015 171166 164432 164991 165432 170874 170474 166388 171248 171258 164349 165288 171256 164886 171256 169479 165600 169049 165616 167138 168612 170527 166354 167834 172001 164515 167267 171606 167523 171149 275 260 262 110866 503 272 273 26229 274 166463 171864 164880 169922 170726 167293 164156 170935 167402 171256 171404 170369 165174 164894 166354 167834 168829 170341 167772 171256 165387 168708 170791 170328 170179 171305 166855 171891 168624 167959 167827 170351 168617 166229 164797 167473 170935 171657 171256 169002 169215 168250 165444 165286 171007 167959 168311 166731 165262 166003 171344 169155 164802 170179 168967 165125 169139 165246 169282 167402 166646 165190 171352 167985 170582 170530 167831 167772 165357 168130 164372 164097 168993 167959 168945 164192 166731 168130 166718 170146 167831 165273 164607 167006 169417 171456 165327 168588 169279 168633 171551 169638 167831 168586 169634 170088 163863 166111 169002 163862 168098 163862 165291 166176 168699 165432 169002 169215 163977 171009 166603 164514 171882 165075 167432 171256 170894 165600 164032 170915 168143 166538 167795 167834 167736 164297 167736 166855 169976 170766 171332 171343 171527 168706 170229 167959 171256 171247 171081 164656 170681 169299 168340 167493 169131 170142 168938 168457 169215 166004 169196 167772 167294 164286 163844 169977 166111 171285 171742 169991 167566 167473 171730 166854 171081 169002 166111 167006 168648 164085 170432 170967 166262 165273 168945 167772 171732 169336 166411 165333 167784 167293 169727 165174 164289 166561 165387 169437 171499 168998 170142 165600 167085 168249 170308 164654 169786 168945 170142 164885 169288 167834 166909 165749 169575 171919 165387 169977 171445 169716 170142 165600 167503 170152 164192 169178 170249 171527 170328 164909 167587 163995 163995 171443 167107 166855 170278 165336 164498 168825 275 260 262 110866 501 272 273 26229 274 165327 168509 171920 169569 168000 164936 171029 165738 170474 166127 169761 166341 164085 171029 169513 171256 166875 166804 167743 166230 171393 164570 171256 170489 171899 165955 166927 167126 169282 165287 167294 167051 171882 166718 169151 166308 164638 165432 170874 168075 171791 165718 171791 164596 169007 169627 165600 166127 164487 168000 165738 171256 165271 167294 169230 166936 170972 165439 165724 170721 169627 165432 167595 168885 166463 170525 164646 166092 165151 166986 165288 165432 171263 165198 170182 169627 165044 166381 171256 168650 167294 167600 164181 167328 168371 167114 164607 168397 166078 165012 165687 169627 171029 164342 171256 171266 165432 164723 164554 166168 165160 166511 169421 167625 165174 170874 166364 171266 170811 167251 163963 165738 171256 165271 167294 168850 168486 164927 169801 171544 165924 165955 167325 164991 169282 170874 168075 171791 165718 171791 165852 164787 169788 165356 168934 167344 169162 168030 165214 171256 171866 167294 169580 170254 168664 169297 164886 164868 170805 168920 170874 165661 171791 165718 171791 166804 170187 164967 167293 165012 171007 169627 171256 166381 171373 165287 166986 166374 164726 170621 171606 169284 165398 165104 167615 170278 166671 171972 167243 167164 169627 171256 169627 165820 170874 164607 171791 171029 166463 169087 165792 170250 165252 168259 169799 169478 165218 167267 171606 171903 169386 168257 165564 166594 169803 165587 275 260 262 110866 503 272 273 26229 274 170447 171064 165142 166368 168743 164353 168811 165342 165448 167959 168099 169876 170369 169285 169638 165273 168945 171198 166364 169002 164885 171046 166480 170112 163870 165807 167385 167959 171248 167343 166646 171029 165338 165998 168772 164396 168633 167452 165859 168586 171344 165944 166561 167959 170525 167006 169997 167845 164909 171920 168700 166677 168624 168754 165600 165273 170249 168586 171087 168130 169974 167959 165295 165021 170786 164192 166731 171046 171838 169130 166542 170588 164611 164337 165472 168099 164289 167374 169002 170781 165606 170369 164042 167831 164042 164476 169991 164611 169310 169256 165245 164289 168938 170894 166111 170811 171032 171591 168772 172005 165366 167473 165604 170142 171256 167772 165474 164492 171943 170179 167834 171443 168788 167959 168624 167772 168250 167457 168719 164975 167641 168829 170530 166545 167752 170300 166374 167772 165474 167766 169976 170179 170518 167698 171882 171458 170249 165273 163862 168937 166830 170341 171256 171882 166411 168872 165339 170721 169139 164152 165432 166854 165432 166262 165432 170530 170790 165461 164894 168130 165365 167959 171256 171657 168514 170637 165333 164313 167027 170151 170464 169490 168238 166083 170672 170714 275 260 262 110866 501 272 273 26229 274 165327 164353 166615 170447 171606 167302 169505 169131 169627 171256 169162 165600 171971 167667 171293 165859 168304 164112 167468 171459 169627 167374 165915 169989 171606 164488 166374 167866 164724 165600 167573 165432 164223 168984 170509 165258 171256 169763 167667 171263 169283 166308 169131 171459 169627 166986 164646 164320 167919 169213 169627 165432 169627 165432 167436 167831 168041 170478 171804 165659 164409 168308 169627 165295 170278 170369 165387 167294 166757 168862 164085 166374 170246 168254 165214 171029 167573 170369 168060 170916 163949 169637 164085 168998 167866 166713 171866 167667 171263 166979 171067 169505 166013 171029 169627 164607 171791 171458 169299 170541 164755 170441 169627 171256 169951 170369 166561 171857 165952 164458 164085 165600 170246 165295 171064 167823 167024 172023 169627 171256 169513 165600 166561 164653 165067 165952 171606 165206 170662 166013 165432 169627 167294 169421 171899 169151 169637 164085 168945 170099 171081 165288 166804 168579 167217 167456 169627 165432 169627 165432 170874 170525 168041 166263 168371 171029 165271 171256 167374 164851 170914 170747 168664 165398 165000 170871 165012 167114 169627 165432 165387 164646 166168 170287 166545 168075 171869 166986 165288 166986 164723 165007 165162 167597 165104 164404 164574 165012 169627 171029 169075 171459 166570 171256 167866 171256 165271 171256 165271 171256 165271 171256 168041 171256 167374 165600 168742 167097 168705 171557 165368 166963 164456 275 260 262 110866 503 272 273 26229 274 166110 164762 164570 168188 170935 167402 165600 167772 170525 167667 170797 165168 171307 166855 166769 171214 168099 171940 170369 167772 166986 166592 167503 165779 167736 165342 165409 168579 166475 166718 164086 171730 167772 171256 170300 165600 171935 170915 169365 166452 167736 164297 165294 171248 167402 170474 165273 171458 167251 167401 163870 165733 168188 165432 167772 165474 165727 167018 166909 164337 170434 169390 167473 166322 164617 171256 167959 170525 171935 171829 165162 171903 170552 165432 167432 168250 169299 165614 168829 167322 169365 168313 164617 168938 164029 167329 171214 168796 165738 165115 165807 171285 169155 168945 167959 167827 169336 165779 167642 167798 168463 167493 170530 165432 167772 168250 170411 164835 170179 171551 167772 168998 168992 164523 167269 168188 167959 168624 167772 170525 167281 168811 171882 170474 165273 169309 166845 171903 164097 168624 164029 167329 171402 168617 170149 166830 168448 167452 171731 165736 170242 171344 165286 164724 165066 168945 167959 167665 171402 170658 164474 164097 169977 168945 170242 167827 168130 172009 165008 168624 165066 165600 171214 167665 168586 167303 170179 164297 165294 168624 167959 167665 170419 169865 163857 168657 166883 168574 169256 168993 171656 166561 168188 166364 168313 171567 165269 171949 165246 171256 167959 168998 168586 164058 170179 169984 165294 169977 167959 171256 170242 169427 171657 168785 170591 166854 164534 167113 169892 171332 164579 171446 165327 275 260
