=== TURN 58/68 • FULL PROMPT AFTER GENERATION ===
Script‑turns now: 28
Assistant‑turns now: 18
Total prompt tokens: 6874
Generated semantic token count this turn: 352

Decoded prompt:
[extra_id_1]user0[extra_id_12]The▁system's▁line▁of▁sight▁does▁not▁look▁directly▁at▁the▁plasma▁to▁minimize▁background,▁but▁reflections▁can▁sneak▁in![extra_id_0][extra_id_1]user1[extra_id_12]Spikes▁from▁edge▁localized▁modes▁create▁bursts▁of▁light▁that▁can▁appear▁in▁the▁measurements![extra_id_0][extra_id_1]user0[extra_id_12]The▁statistical▁analysis▁showed▁that▁neutron-induced▁light▁is▁the▁dominant▁signal![extra_id_0][extra_id_1]user1[extra_id_12]This▁just▁proves▁how▁essential▁blind▁fibre▁compensation▁is▁for▁accurate▁interlock▁function![extra_id_0][extra_id_1]user0[extra_id_12]After▁analyzing▁thousands▁of▁pulses,▁they▁built▁a▁regression▁model▁to▁quantify▁each▁light▁source![extra_id_0][extra_id_1]user1[extra_id_12]It▁predicts▁the▁measured▁light▁based▁on▁beam▁current,▁duct▁pressure,▁neutron▁rate,▁and▁plasma▁emission![extra_id_0][extra_id_1]user0[extra_id_12]This▁allowed▁them▁to▁simulate▁pressure▁spikes▁and▁optimize▁trip▁thresholds▁for▁maximum▁safety![extra_id_0][extra_id_1]user1[extra_id_12]With▁proper▁neutron▁compensation,▁false▁trips▁were▁nearly▁eliminated![extra_id_0][extra_id_1]user0[extra_id_12]The▁system▁could▁detect▁even▁subtle▁pressure▁excursions▁before▁any▁damage▁occurred![extra_id_0][extra_id_1]user1[extra_id_12]Future▁upgrades▁may▁add▁even▁smarter▁detection,▁looking▁at▁the▁rise▁time▁of▁signals▁to▁distinguish▁real▁threats![extra_id_0][extra_id_1]user0[extra_id_12]The▁lessons▁here▁will▁be▁invaluable▁for▁other▁large▁fusion▁projects▁like▁ITER![extra_id_0][extra_id_1]user1[extra_id_12]Flexibility▁and▁adaptability▁in▁the▁interlock▁design▁are▁critical▁for▁success![extra_id_0][extra_id_1]user0[extra_id_12]Blind▁fibre▁channels▁should▁have▁easily▁adjustable▁gain▁to▁match▁any▁changes▁in▁routing▁or▁optics![extra_id_0][extra_id_1]user1[extra_id_12]And▁regular▁checks▁and▁maintenance▁of▁all▁optical▁components▁are▁a▁must![extra_id_0][extra_id_1]user0[extra_id_12]This▁is▁a▁great▁example▁of▁how▁attention▁to▁tiny▁details▁can▁prevent▁giant▁disasters![extra_id_0][extra_id_1]user1[extra_id_12]Fusion▁energy▁might▁be▁the▁future,▁but▁only▁if▁we▁protect▁these▁delicate▁systems![extra_id_0][extra_id_1]user0[extra_id_12]Absolutely!▁The▁interplay▁of▁optics,▁electronics,▁and▁nuclear▁engineering▁here▁is▁just▁inspiring![extra_id_0][extra_id_1]user1[extra_id_12]Every▁detail,▁from▁filter▁angle▁to▁fibre▁heating,▁makes▁a▁real▁difference![extra_id_0][extra_id_1]user0[extra_id_12]Even▁something▁simple▁like▁fibre▁diameter▁can▁change▁the▁outcome▁under▁heavy▁neutron▁bombardment![extra_id_0][extra_id_1]user1[extra_id_12]I▁love▁how▁they▁use▁blind▁fibres▁to▁turn▁an▁optical▁problem▁into▁an▁engineering▁advantage![extra_id_0][extra_id_1]user0[extra_id_12]It▁is▁a▁stroke▁of▁genius!▁Subtracting▁the▁background▁gives▁clear▁signals▁and▁true▁protection![extra_id_0][extra_id_1]user1[extra_id_12]Data-driven▁calibration▁is▁the▁future▁of▁fusion▁diagnostics![extra_id_0][extra_id_1]user0[extra_id_12]The▁JET▁campaign▁has▁set▁the▁benchmark▁for▁future▁optical▁interlock▁systems![extra_id_0][extra_id_1]user1[extra_id_12]I▁cannot▁wait▁to▁see▁these▁innovations▁in▁action▁on▁even▁bigger▁machines![extra_id_0][extra_id_1]user0[extra_id_12]Thanks▁for▁joining▁us▁on▁this▁deep▁dive▁into▁fusion▁safety▁and▁optical▁marvels![extra_id_0][extra_id_1]user1[extra_id_12]Stay▁curious▁and▁keep▁following▁the▁world▁of▁fusion▁technology![extra_id_0][extra_id_1]user0[extra_id_12]Until▁next▁time,▁keep▁those▁beams▁bright▁and▁those▁ducts▁protected![extra_id_0][extra_id_1]user1[extra_id_12]Goodbye▁everyone!▁Fusion▁excitement▁never▁ends![extra_id_0]

Prompt token IDs:
261 1495 501 272 1337 3197 1039 2713 663 21835 2718 956 2424 9735 925 621 49562 658 46567 6708 488 1213 92692 1115 68037 603 485 260 261 1495 503 272 10405 19564 901 11032 67074 31107 3205 96387 663 5281 812 1115 8264 603 621 34158 485 260 261 1495 501 272 1337 45245 10337 13567 812 104796 59097 5281 732 621 38970 13173 485 260 261 1495 503 272 3419 1905 56115 2147 12135 28274 84603 31261 732 726 20986 1614 1767 1237 485 260 261 1495 501 272 9831 63534 14318 663 96078 488 1376 9482 537 48363 2812 658 108704 3150 5281 4342 485 260 261 1495 503 272 3673 83906 621 26456 5281 5319 750 37250 2584 488 68158 11682 488 104796 7351 488 671 49562 62475 485 260 261 1495 501 272 3419 8919 1910 658 58502 11682 76996 671 46709 13367 84233 726 11585 11524 485 260 261 1495 503 272 4046 10045 104796 31261 488 1532 35677 1787 11321 52427 485 260 261 1495 501 272 1337 3197 2439 17518 2606 42215 11682 132409 521 2745 1531 9120 15775 485 260 261 1495 503 272 38567 50005 2122 1558 2606 71273 28223 488 5635 925 621 15752 1513 663 27131 658 50640 3337 27837 485 260 261 1495 501 272 1337 28819 2769 1168 747 82889 726 1733 5848 57163 11424 1862 124342 485 260 261 1495 503 272 50097 5366 671 16520 4929 603 621 1614 1767 4905 933 14298 726 4121 485 260 261 1495 501 272 8162 876 84603 18463 2183 1072 10861 56355 13858 658 4174 1531 7294 603 46138 868 101744 485 260 261 1495 503 272 5165 9476 19403 671 21022 663 1158 44977 11022 933 537 3393 485 260 261 1495 501 272 3419 732 537 3858 5299 663 2147 10601 658 21439 6021 1115 8833 22763 76984 485 260 261 1495 503 272 528 12130 7991 4426 747 621 6472 488 1213 2027 800 1018 9814 2602 55285 9705 485 260 261 1495 501 272 110809 485 1011 1614 2352 663 101744 488 48275 488 671 17680 22947 2769 732 1905 52101 485 260 261 1495 503 272 18092 12336 488 901 6800 14563 658 84603 37535 488 6152 537 3337 10815 485 260 261 1495 501 272 20637 4277 7190 1862 84603 36622 1115 3958 621 23900 2093 13990 104796 121398 871 485 260 261 1495 503 272 531 5021 2147 1376 1688 28274 84603 521 658 4259 846 44977 5893 1939 846 22947 14876 485 260 261 1495 501 272 3673 732 537 19885 663 53649 485 131002 630 621 6708 10846 4773 27131 671 1415 14455 485 260 261 1495 503 272 1802 49673 58741 732 621 6472 663 57163 75260 485 260 261 1495 501 272 1337 1079 2325 7984 1196 1252 621 45190 726 6472 44977 1614 1767 9705 485 260 261 1495 503 272 531 6985 6362 658 2596 2602 69119 603 3313 750 2606 17670 19872 485 260 261 1495 501 272 19893 726 28503 1050 750 797 9094 47320 1939 57163 11524 671 44977 68891 521 485 260 261 1495 503 272 59417 35232 671 4299 4628 621 3241 663 57163 8952 485 260 261 1495 501 272 39041 3109 1513 488 4299 3193 75980 15611 671 3193 68158 521 4493 485 260 261 1495 503 272 23804 45095 8307 485 65289 43452 4430 16229 485 260 262 110866 501 272 273 26229 274 164370 167876 171260 166662 164370 163966 171260 164090 166739 164370 165300 166623 168787 164824 166354 164090 167016 164370 167876 164370 171474 167716 164370 166128 164063 164824 164506 164090 167258 164063 171260 169594 164851 170233 170477 164871 165622 169919 170820 164871 165622 169919 170820 165731 165622 169919 170820 165731 165622 169919 170820 165731 165622 169919 170820 165731 165622 169919 170820 164871 165622 169919 170178 170123 168682 166603 166452 164370 168668 171887 166639 169603 170797 164097 170741 166204 164215 168667 169936 166310 165359 169256 167845 165387 165528 172020 169545 166785 169547 164252 168814 164421 171480 163980 170919 171655 164337 168832 171044 165673 164508 169504 171428 170755 168826 170528 166387 169697 171172 166322 166744 165722 170731 169271 167227 168458 167845 166138 171129 167750 170963 168667 171268 167112 169147 164584 168417 164032 170348 167772 167614 166127 166379 167341 169529 171151 166961 170179 170278 166790 169834 168964 170963 164817 171037 166533 169448 165346 168026 169951 168963 169697 170657 170530 163929 167992 167053 170477 171875 164368 167523 170707 165183 170478 165337 166312 170923 170027 168883 168924 169581 165168 170328 167643 168776 165244 170189 171734 168321 170247 164617 165917 165365 166452 167793 170244 167164 165454 166482 170528 169768 164521 170665 165276 164809 169523 169381 169529 165841 171319 168058 166653 166312 170923 164348 167307 164961 164332 166482 167741 164617 167428 164617 170287 171029 166770 170459 170963 166922 169039 167179 169041 171655 167919 167965 170514 169455 169085 166003 164134 170010 166269 169976 164968 169458 164293 166203 170114 171655 167919 167111 167062 168063 166169 166828 166162 167992 166050 169666 164786 167293 166767 169730 165770 170657 167772 163880 168050 171236 167614 171147 167597 166406 170010 169931 167727 164034 169399 166050 171029 165917 171695 170923 166593 165487 171249 165252 169371 166720 171963 168362 169328 167999 164418 164891 170750 168536 163912 164334 166644 166872 169976 164574 170817 170727 167342 169987 163915 165258 169862 163915 166044 171491 171260 168239 169399 167493 165030 164129 167597 166545 169163 170477 168574 166713 167374 165709 169861 164879 163951 165366 170043 170892 166945 170025 168799 166545 166622 170923 168289 168026 165307 170077 164867 167269 172012 167845 169841 164272 169319 170625 169597 171044 171037 166912 167183 165506 166506 169426 166782 170637 164388 171044 168667 164817 171172 168455 168278 164485 168026 168198 171056 170665 171020 165863 167716 167305 164574 166666 164287 166439 169375 171152 170719 170000 164292 167324 169841 166019 170637 170775 167738 171804 164078 171260 167716 171768 169157 171260 168815 165730 166982 167940 168343 165622 275 260 262 110866 503 272 273 26229 274 168037 167498 165731 165622 168037 167498 165731 165622 168037 167498 165731 165622 168037 167498 165731 165622 168037 167498 165731 165622 168037 167498 165731 165622 168037 167498 165731 165622 168037 167498 165731 165622 168037 167498 165731 165622 168037 167498 165731 165622 168037 167498 165731 165622 168037 167498 165731 165622 168037 167498 165731 165622 168037 167498 165731 165622 168037 167498 165731 165622 168037 167498 165731 165622 168037 167498 165731 165622 168037 167498 165731 165622 168037 167498 165731 165622 168037 167498 165731 165622 168037 167498 165731 165622 168037 167498 165731 165622 168037 167498 165731 165622 168037 167498 165731 165622 168037 167498 165731 165622 168037 167498 165731 165622 168037 167498 165731 165622 168037 167498 165731 165622 168037 167498 165731 165622 168037 167498 165731 165622 168037 167498 165731 165622 168037 167498 165731 165622 168037 167159 165488 169370 168037 164472 168781 169387 164090 167258 167763 164824 167345 166981 164370 169709 165856 166310 163978 168429 164536 169319 170794 166282 167346 165644 165779 166927 164644 169803 169931 166073 170601 170509 167772 171971 166658 165607 171944 169183 169763 165779 164913 168373 165366 164761 165888 165600 171657 171087 165924 166698 168289 165208 169548 165190 168063 168658 168050 169426 164570 164313 170054 170179 167088 171133 165068 164013 166651 165788 168660 165338 170565 169580 168902 165933 163842 164574 168570 164283 165955 168826 169427 167627 164617 167175 167772 170731 168050 171236 170223 165779 170276 166763 171292 166957 170669 166073 166291 168570 164292 168191 171404 170368 164245 164544 168630 164977 166485 165958 166738 166927 170599 170509 168026 169291 167882 169791 165815 166747 164496 164837 166394 169752 169399 166830 170982 168307 170685 166713 165888 165600 165500 165713 168560 169408 168143 164876 168050 167854 171971 167727 168555 168370 171915 169707 165863 168781 170633 165339 168216 165600 164466 165888 165600 170662 167667 165524 169506 165644 168155 171294 166001 165935 167112 165311 167093 164417 168469 168754 167544 171835 164991 165476 164013 168984 165680 170915 170800 171029 168310 167772 165011 166658 164958 164187 167782 164046 170809 169976 169844 164992 171819 169331 166711 171334 168047 171491 167036 164837 164613 170132 169905 166354 171574 165564 166291 169868 169482 169115 165163 167983 165499 167119 168570 170637 169995 167965 167542 167299 170923 164851 166240 167595 170589 166978 168338 167871 167415 170936 167959 168695 165718 166713 169580 166046 166201 169868 168063 170378 170637 168615 164975 165709 170624 167738 166254 166381 166291 168469 171431 170086 169131 167508 166657 166905 171214 165457 166713 164414 171087 165924 166698 168063 167845 164187 168607 171524 170923 170058 168430 167873 165099 164616 169248 169123 166972 165624 165101 164556 171524 275 260 262 110866 501 272 273 26229 274 164078 168449 164496 170670 165648 165113 164613 170180 171438 164336 169908 169902 169313 171193 171260 164538 169412 166030 170820 170353 166519 168037 170820 170353 166519 168037 166585 169020 165645 164231 166485 167258 166452 166354 164370 164844 164543 164275 171184 168931 166089 169601 169920 164370 166662 167716 164370 165999 164506 163911 166318 171922 164097 168238 165294 172020 169844 168193 171922 169547 164252 164574 167959 170464 164131 167716 169581 170152 168959 164407 166545 170816 163988 171044 170816 165255 165910 166269 166811 164097 168454 170189 167716 168813 164160 165338 167688 164379 171972 170586 172001 170921 166454 165876 165346 169513 168623 170574 164407 163869 165258 166322 164561 171934 169039 167772 166770 168031 172020 167873 166954 166146 164975 170957 168238 169455 166645 164292 168755 164764 166576 170247 163999 168270 168959 170727 167679 167241 171082 169373 169549 167190 165710 167716 166257 165917 164022 169529 170637 164867 165617 166291 168241 164617 169720 169637 170368 170478 170797 166204 170727 164092 171903 164097 170086 166545 170000 168888 168080 170727 169850 165876 165272 170780 170159 170331 166915 164886 168904 168370 165190 165011 167526 165427 169371 167294 170565 167531 171149 166322 165433 166568 164334 169513 168888 172020 169552 168444 164347 168627 166016 168154 166811 165039 170271 170665 167695 165626 171767 171528 166170 168491 167395 170533 171351 167912 165351 170025 166024 171029 168948 171029 168587 170665 166264 170665 168213 168290 170727 166160 165139 171758 165421 167891 168497 169346 167428 169530 167931 171037 169256 166169 164268 169791 171944 168154 168814 168888 171784 164311 166024 167402 170657 166322 170528 165174 171351 164918 169426 166568 170577 168888 172020 168888 163969 169565 169515 165380 169284 171803 168193 171319 168664 165359 167965 168587 166545 168516 170791 165032 170625 165346 166381 165659 169730 167402 170119 164057 165681 164497 166945 169720 163953 170887 167716 166625 275 260 262 110866 503 272 273 26229 274 169241 164824 165310 166009 167582 166081 166411 168037 164078 167427 166726 169847 165937 168781 164370 171443 166128 171465 170923 168599 167582 167427 164731 169919 164078 169735 164731 169919 164078 169735 164731 169919 164078 169735 164731 169919 164078 169735 164731 169919 164078 169735 164731 169919 164078 169735 166519 169919 164078 167427 166726 169847 171726 168931 171887 169046 164140 171319 164967 167111 164913 169075 169037 165727 171233 165795 164744 164887 170112 171693 166136 167965 167133 168741 164215 165779 165099 165402 170923 171185 170904 171220 166604 167202 165888 164607 170393 165211 170459 170368 166769 167673 171620 167508 166170 169014 170991 164697 168058 168154 171029 167531 164290 164349 170005 164614 165001 170890 167133 167466 164215 169506 165398 167268 165449 167189 164876 167965 168469 164334 169003 164137 170179 164151 170805 170913 167688 168525 167523 168290 170650 170923 167217 167493 164582 165351 166926 170016 165085 165132 171198 171822 171765 165387 164334 166485 166439 165366 164371 168700 168807 169650 165432 164311 169196 171324 165607 168369 168807 165718 164607 170478 165007 170477 169513 167293 165788 167175 164066 164045 171344 165855 170010 169564 168859 168469 166167 170637 170417 167845 167729 169014 171112 164985 169650 168658 164881 166424 170328 164806 167438 170179 168678 163870 167033 165365 170890 171152 168306 170637 170284 170417 166991 164813 171260 167716 169955 169466 168239 167876 170727 165784 169399 169478 167845 166486 167122 164585 165528 164913 166007 171727 168105 164873 171532 166266 168988 164607 167100 168323 169171 166291 164097 164617 171479 166672 168019 168951 168287 170923 169962 164521 164081 171820 164607 167262 166713 167772 165917 170253 169413 166748 165146 169544 164881 164876 167386 164519 170820 164832 168273 170874 164032 164607 170530 170072 164070 167208 167542 166111 164162 169972 171029 166653 169937 164564 168289 165706 170640 170825 166594 164643 170742 167175 165338 170800 166784 171325 168026 171528 164567 170112 170112 168829 167111 164876 170890 163844 170284 165591 166011 164433 164326 168787 171689 166679 171189 164824 171028 164257 167140 170987 164019 169847 275 260 262 110866 501 272 273 26229 274 171369 165232 171368 168037 171326 165731 171368 169919 171326 165731 171368 169919 171326 165731 171368 169919 171326 165731 171368 169919 171326 165731 171368 169919 171326 165731 171368 169919 171326 165731 171368 169919 171326 165731 171368 169919 171326 165731 171368 169919 171326 165731 171368 169919 171326 165731 171368 169919 171326 165731 171368 169919 171326 165731 171368 169919 171326 165731 171368 169919 171326 165731 171368 169919 171326 165731 171368 169919 171326 165731 171368 169919 171326 165731 171368 169919 171326 165731 171368 169919 171326 165731 171368 169919 171326 165731 171368 169919 171326 165731 171368 169919 171326 165731 171368 169919 171326 165731 171368 169919 171326 165731 171368 169919 171326 165731 171368 169919 171326 165731 171368 169919 171326 165731 171368 169919 171326 165731 171368 169919 171326 165731 171368 169919 171326 165731 171368 169919 171326 165731 171368 169919 171326 165731 171368 169919 171326 165731 171368 169919 171326 165731 171368 169919 171326 165731 171368 169919 171326 165731 171368 169919 171326 165731 171368 168037 171326 165731 171368 168037 164244 171542 164901 166236 168781 171887 164370 172010 167003 164370 167876 171689 164090 165113 168900 163911 170191 165103 167220 165433 169999 169670 169196 169861 165506 165206 170923 170799 168814 165659 164714 165758 169521 167817 169503 170780 163969 164881 166543 170913 171073 170498 169428 166094 164410 167524 170709 170343 166497 167113 166024 169999 163929 167992 165421 171516 170696 165528 165540 166310 169788 169927 171819 165217 171809 170200 168961 169241 171090 168462 164975 168083 165153 169925 170838 164617 170447 170530 171464 170850 170950 165528 170963 171903 168434 170657 164296 170812 164191 170891 172001 170972 167965 170926 167170 165206 167882 164824 164508 168265 169022 169730 165338 166794 169199 169283 170530 170947 171528 164215 164321 168150 165698 164643 168143 171802 166782 171093 168941 168755 166533 164215 168667 164817 171172 171135 170727 170251 171082 171309 166404 170000 168146 166435 167716 170444 170359 168155 170192 171297 165421 171988 165421 164722 169803 171083 168265 166291 163969 167772 168382 169519 166794 164116 170727 166007 171112 168737 169196 168216 165915 165915 166713 164841 168197 172012 167333 170791 166708 171064 167360 171009 170658 172031 166934 167772 168521 170234 163969 171820 170700 164755 169788 168551 165271 169565 170799 164070 166225 165955 167293 164541 165176 164809 172001 165770 169545 165709 168399 168888 168567 170119 164057 165195 169519 164561 165841 167716 167181 165644 165524 168058 168567 166707 171260 171528 164020 167452 167127 167044 164311 168848 170227 165433 166653 170378 164347 170010 164359 171112 169458 171963 167564 164879 171193 167688 166594 166698 171344 169730 164032 170814 165181 168813 171516 169312 171539 165473 164536 171153 171767 170454 167884 171056 166127 165381 165915 166748 163969 165211 168882 164755 170766 171061 164368 164332 166440 164311 168193 167772 167614 171539 168755 168894 168304 168756 168667 171172 167672 164975 170827 168113 164947 165972 171225 171480 171947 169148 165236 169393 168360 169985 165381 165398 166730 170386 169039 164967 167735 171289 164556 166031 170055 275 260 262 110866 503 272 273 26229 274 166435 165204 169673 164837 170120 167283 166760 171286 164616 165648 167882 168775 167312 167876 170010 166632 164824 166878 171193 169717 171305 169596 171630 170923 164952 168599 167382 171632 170905 171792 170513 164370 167223 169046 169048 170640 170010 169406 171260 164824 166354 164090 167258 170727 170551 164765 166360 168587 170684 165190 168188 166396 164935 168815 164991 165427 165888 165600 166698 165714 168616 169383 167415 167727 168050 166374 170003 167305 169763 168273 169248 165685 171185 167523 168469 164417 164086 169319 164458 165103 166834 168143 167845 169131 167385 165528 165753 165300 167374 167294 169831 165539 171944 170187 166930 165454 167542 166111 164162 167175 171029 171411 170665 166343 171511 166639 170923 168800 169976 168273 169386 165624 167393 165815 169791 169241 169149 164613 168449 169345 171862 167800 171985 169310 167307 165378 168587 164881 167854 164886 165120 168273 166972 165779 164390 166269 170582 165788 167688 165338 170879 164446 165709 169319 164479 171781 170249 168110 167307 170957 166170 163939 169337 170054 168570 169282 170904 166547 164899 166438 164936 166168 170478 169757 166713 168393 166713 169437 169521 171198 163969 171752 168437 171524 164808 164887 167736 168191 169386 165711 163861 165815 168047 166119 169466 169149 171813 171527 169399 169258 170278 167221 166927 171029 167400 164987 170276 170971 170923 164887 171971 164211 164606 164991 165900 168796 166713 164617 164876 169482 163980 165524 169976 167981 163870 170112 164628 164417 167374 171409 165569 164158 170954 166347 167297 171334 171223 166210 165780 166160 171813 164824 169444 170727 170986 164140 165346 171144 164010 165435 167037 165262 170797 164761 164333 165190 165011 167526 164969 171458 165457 170025 167175 165320 168797 166322 165709 164334 169319 165304 170909 166713 165457 171297 166374 166545 165011 170665 166248 171229 166639 165204 164887 169976 169844 165644 171528 164565 171334 169791 165841 171274 168267 165857 168239 164736 166709 171963 169927 167835 164292 170637 169102 170249 163875 167307 169505 171949 169427 169427 164617 169196 164617 169417 169196 164584 166835 171974 166738 167541 169677 170721 167992 164038 166085 167562 165720 165332 166306 165855 171144 169310 167111 168658 164917 168351 170200 167729 167981 164519 167590 166410 167890 168756 170890 163969 166655 170637 166011 166384 171915 171393 170887 167226 168752 166354 166016 169915 170457 167548 275 260 262 110866 501 272 273 26229 274 169919 170178 167711 165622 168037 168112 165424 165622 169919 170178 165424 165622 169919 170178 165424 165622 169919 170178 165424 165622 169919 170178 165424 165622 169919 170178 165424 165622 169919 170178 165424 165622 169919 170178 165424 165622 169919 170178 165424 165622 169919 170178 165424 165622 169919 170178 165424 165622 169919 170178 165424 165622 169919 170178 165424 165622 169919 170178 165424 165622 169919 170178 165424 165622 169919 170178 165424 165622 169919 170178 165424 165622 169919 170178 167711 165622 169919 170178 167711 165622 169884 170610 168931 169387 164090 167258 167716 164370 165760 171260 169717 171305 167671 171260 166405 168787 171260 171739 170432 167548 169762 169211 167711 165622 168037 170178 167711 165622 168037 164366 167711 165622 168037 164366 166461 170129 165645 170727 169046 165355 166499 171922 164097 171971 168188 171064 168273 168193 165673 164991 165709 164208 164987 164117 164882 164620 168321 165433 164617 165917 171029 165220 167400 169730 170006 171260 164765 171903 164097 167845 166790 170073 164086 164337 168961 165949 169976 167926 168554 167845 166288 170891 172020 169678 171172 171172 164975 165766 169426 167959 165362 171166 169860 168783 165381 169281 168984 165955 168826 164311 167705 168050 169312 171767 168052 168290 166593 170010 167307 165012 169806 169309 170297 172031 169670 169131 170589 171152 165753 164567 164574 167772 164723 165718 166669 163920 166170 169506 166927 166936 164982 170727 170759 167493 167992 165176 163869 164418 169455 166131 170652 170363 169093 164564 167716 169871 168381 168273 166105 168848 168373 169039 168883 170727 171647 165544 169862 167220 169695 169695 166570 164512 170791 164824 166149 165103 169548 167614 165709 170723 164334 169660 168643 167928 164541 165667 168393 165220 171029 168756 167040 170923 164337 164063 169581 166811 168888 168058 170592 170397 167293 170956 164311 165220 165770 170064 168888 170903 166334 168273 171044 164982 170794 164887 170700 167526 169806 166713 168321 167845 167176 169463 163961 164727 165815 164395 165255 171096 165252 171009 168321 168799 164809 171721 167182 168125 167981 164519 170077 167293 164293 166387 164032 164484 165374 168445 165394 171844 164016 164939 171147 166141 165909 171427 166359 164873 169649 164841 166713 169708 166221 169151 166951 170574 166834 169999 169670 171029 168436 168296 170923 170696 167037 164913 171508 169145 168058 171125 169130 167304 169426 167060 166230 166828 171441 164354 170963 169426 168533 171172 164975 171297 163969 171497 168569 165607 166379 166690 167937 164309 164047 170359 165894 165451 167727 167614 169500 168569 166983 167338 170665 166049 170392 165414 171260 171260 169006 275 260 262 110866 503 272 273 26229 274 168781 168974 171193 168239 164370 166811 168781 169905 170524 170755 165961 164593 163969 169075 170644 164938 167882 171944 171185 166073 167593 165252 165888 171882 167531 169972 171029 165365 171892 170513 169931 167374 165888 170224 164947 171144 170428 169951 165500 166097 165365 165684 171980 165190 167835 167250 171458 167294 164446 169972 165438 170158 169409 169319 169755 169463 164907 167293 165788 167175 167402 168797 168277 164382 165163 167814 165359 168469 165662 170637 170417 167037 166738 166141 163949 167965 169868 168063 169337 170328 169649 165524 170179 168678 163870 166878 165365 170890 171152 168306 167656 170284 170417 166991 164655 170887 171689 166755 169006 164370 163966 168239 167031 167712 165617 169182 169637 167165 164643 166260 168979 167402 167688 170530 166024 170341 166730 170272 166972 166168 169536 167613 170936 166868 169806 168393 165600 164417 166875 166545 167113 171314 167663 169460 168238 169506 170022 168270 171819 165099 172018 169356 171334 168047 171483 169791 165113 166122 167312 171061 170542 165201 166713 171947 166769 170637 167419 166991 168311 169245 165011 169613 165600 170530 164243 165955 167688 168729 169154 170942 166424 171758 165332 170697 168831 170602 165454 164283 168322 168658 168063 167550 164596 166698 166291 169788 164334 164010 165302 166834 169927 166170 164907 169326 166484 165190 167111 171020 164674 168213 164275 170976 170795 168238 164463 170616 171260 169241 171768 170727 171184 171310 165645 169762 164698 275 260 262 110866 501 272 273 26229 274 170457 170619 168037 171326 165731 165622 168037 171326 165731 165622 168037 171326 165731 165622 168037 171326 165731 165622 168037 171326 165731 165622 168037 171326 165731 165622 168037 171326 165731 165622 168037 171326 165731 165622 168037 171326 165731 165622 168037 171326 165731 165622 168037 171326 165731 165622 168037 171326 165731 165622 168037 171326 165731 165622 168037 171326 165731 165622 168037 171326 165731 165622 168037 171326 165731 165622 168037 171326 165731 165622 168037 171326 165731 165622 168037 171326 165731 165622 168037 171326 165731 165622 168037 171326 165731 165622 168037 171326 165731 165622 168037 171326 165731 165622 168037 171326 165731 165622 168037 171326 165731 165622 168037 171326 165731 165622 168037 171326 165731 165622 168037 171326 165731 165622 168037 171326 165731 165622 168037 171326 165731 165622 168037 171326 165731 165622 168037 171326 165731 165622 168037 171326 165731 165622 168037 171326 165731 165622 168037 171326 165731 165622 168037 171326 165731 165622 168037 171326 165731 165622 168037 171326 165731 165622 168037 171326 165731 165622 168037 171326 165731 165622 168037 164366 167711 165622 168037 167159 164053 170739 165645 170727 169601 168668 164370 164017 164370 166405 168370 169598 171689 168781 164778 165300 171203 168787 168239 164370 172010 171193 168239 171493 166089 171036 171922 164097 167845 168188 164879 165381 165255 171970 168455 164292 166463 165387 170998 171819 168903 172001 167135 166557 167642 166830 169627 165165 165288 165876 170725 166204 166707 170727 170696 167526 168020 164167 169256 167438 166004 168924 169717 167642 167983 170086 166581 164990 164824 167181 168191 167293 166454 168756 164617 170000 171029 170278 169256 168013 165113 168296 170359 164252 168814 168289 168924 168028 170696 163939 171056 171046 171725 170246 165324 165100 165359 166790 170816 167385 170637 170806 166835 163934 168667 166954 171172 164982 169931 170742 168491 167772 166129 168128 170992 169977 167283 170530 165681 166138 167716 164808 167784 167131 169806 169309 170297 172031 170000 165128 164260 165276 167907 169616 166811 164903 168357 165718 167743 167360 169186 169328 170890 171160 167226 169871 170064 169346 170191 169039 165564 170513 169871 167593 169256 165170 168776 170559 165236 167666 168741 165307 167368 170112 170775 168807 164214 169328 165997 166169 166113 170809 166485 164388 170891 171044 168656 168491 171135 168781 165880 165624 169549 164430 169695 165258 164459 171483 171689 170359 166774 168814 167992 167373 170051 171650 171835 168706 166666 171365 169266 165718 170342 166713 163848 165969 164346 171431 167845 172012 169951 169271 167227 169763 171056 168560 166379 169381 171260 166276 170151 170278 167510 166737 169312 169455 165917 170838 165084 166609 167126 166790 166169 165954 167305 165190 170421 164292 171963 165270 168787 171260 171539 171762 167593 170362 167374 171947 170559 167723 168216 167008 165585 164902 166209 164369 164275 164362 166127 169032 166996 166593 167226 275 260 262 110866 503 272 273 26229 274 169006 164370 170228 164824 164370 164755 171193 164370 165396 171260 169717 171305 165204 165259 166199 164679 168239 165300 165204 167529 167876 171892 163904 170791 164824 164370 167719 165354 171260 164090 164370 167876 168370 163966 169902 164090 169920 171689 164370 167876 171161 166282 167668 166240 168669 165722 168338 168249 165030 167013 169113 170058 170179 164151 165214 169256 164607 165600 169521 167987 171709 164129 169234 164097 168357 165425 170923 169931 167638 170046 171528 166932 169309 166713 168143 165211 169375 167614 171758 165134 169641 166006 168430 166141 168811 164296 169282 170561 166291 168469 169843 168273 171539 170696 170307 171784 169548 169196 168143 168466 167772 170086 167573 164457 165203 169544 166012 166379 164905 168660 165307 166379 170683 165100 168633 167965 168756 169565 169319 170417 169426 165173 165398 167648 170509 165698 170591 170669 166698 170915 167688 165338 169120 171675 169437 169040 164085 165718 166713 170478 165954 168931 166763 170183 166306 171575 171524 164564 171416 167926 166991 168469 164617 169196 164097 165899 164409 169763 168273 170179 165040 164611 167415 168756 170890 167727 170284 165705 169448 169458 167721 171430 171260 169241 166122 168781 168974 171193 169902 168239 168279 171887 164333 164013 171591 164283 165788 166024 165365 168124 170923 167269 170982 171765 168249 168683 168627 170165 169868 171344 164379 170041 170623 165564 170025 167294 168286 166845 166932 169309 170297 164129 167688 164162 168469 167772 166379 170246 169296 165528 165780 165255 165237 164485 164876 165687 165788 164432 167531 167175 171198 171411 165659 167006 171210 170561 166653 167542 171325 168902 170117 170963 169506 164279 166141 166165 167111 168658 166545 168254 171630 167010 171144 169075 166291 164432 164891 164283 165197 171946 164464 165528 165779 163913 164101 169788 166711 171334 165841 171628 167148 164403 168259 169141 168273 167845 170890 166861 164275 171415 165265 167133 170253 170963 165173 166738 170134 169399 164362 165607 167111 168658 170792 170069 171726 168146 164656 170800 172012 168031 171152 164137 167368 166410 165372 170202 166932 169215 165500 165381 169482 167688 169851 171032 169394 164816 170717 165255 165152 168796 167262 169309 168469 164917 169196 167772 167113 171012 168970 170359 168065 168430 169345 164279 169346 166888 171819 165101 169987 171524 164078 275 260 262 110866 501 272 273 26229 274 171223 165113 170356 170660 167871 168427 171253 171260 166354 171028 166603 164092 164140 169222 169919 171926 170123 166519 169919 171926 170123 166519 169919 171926 170123 166519 169919 171926 170123 166519 169919 171926 170123 166519 169919 171926 170123 166519 169919 171926 170123 166519 169919 171926 170123 166519 169919 171926 170123 166519 169919 171926 170123 166519 169919 171926 170123 166519 169919 171926 170123 166519 169919 171926 170123 166519 169919 171926 170123 166519 169919 171926 170123 166519 169919 171926 170123 166519 169919 171926 170123 166519 169919 171926 170123 166519 169919 171926 170123 166519 169919 171926 170123 166519 169919 170477 170123 166519 169919 166429 164092 169559 169054 166452 164370 164573 164370 169808 171260 165999 170727 164506 170359 169823 169931 164097 167991 164758 170709 164070 167098 167542 170528 167772 168650 166545 167508 171064 167705 172001 168150 166230 167573 166790 170642 165876 166309 167052 170963 170045 164757 168959 170032 166379 168273 169768 166543 167772 168197 171947 169479 170478 168502 169342 172023 168514 170449 167769 166040 168927 166538 165336 170874 167727 167854 170454 167461 172012 171364 169281 164090 171525 170937 166578 168265 167727 167510 172031 170838 168698 171037 168525 165681 165152 170891 170454 171056 168063 164938 167238 170923 168604 166666 165791 165681 170697 171075 164758 167499 170965 166186 168948 170704 165359 169757 168850 171947 166279 170768 164044 166849 171167 164488 172001 169196 168537 167913 165564 169196 166097 164007 171791 166698 170713 166689 167912 164332 164620 170025 168848 165661 168521 171947 170559 171115 166022 165840 165190 170157 165779 164277 165595 165366 167279 169633 167648 170665 167331 167100 170589 164431 170604 167269 164214 169458 168509 164159 169625 163989 165818 167869 167666 165457 168321 171037 169999 166954 165709 168266 165664 169988 169258 170421 164097 165911 164617 165909 169999 167510 165073 164657 170244 165528 163934 169039 165621 167302 164277 165984 167241 171082 169862 168194 167190 167367 170477 167462 166160 168984 169182 167098 170025 169801 165709 167614 168466 171398 170923 167269 171133 170791 166160 164795 171528 166424 164552 171056 170278 170659 170010 164370 171423 166811 167866 163863 164617 164223 165973 164628 165973 164628 164926 171370 164366 168583 170887 170794 166755 275 260 262 110866 503 272 273 26229 274 171493 165857 169902 168115 171223 164824 166984 167582 170123 169900 168037 168112 165731 164731 168037 168112 165731 166519 168037 168112 165731 166519 168037 168112 165731 166519 168037 168112 165731 166519 168037 168112 165731 166519 168037 164366 164871 166726 164402 166773 168931 165622 167031 164370 164233 167526 170509 163931 164975 168984 168512 169801 164617 167724 165539 164030 169763 171152 164252 165099 167448 171297 170182 167795 164094 165359 167315 168311 164917 167523 165448 170119 171423 166129 164457 170579 170116 167329 171127 168273 169302 166875 171605 165682 167190 170791 164547 169495 169245 164876 167058 169788 170637 169075 171431 167470 165242 167167 164887 171112 167727 166306 167221 169417 167772 166834 165067 169436 165933 164887 170151 165659 165231 169803 170513 167493 167315 168311 164917 167523 165448 170119 171423 166129 164700 163969 170116 167212 170942 167871 167269 168312 164827 171873 167995 169331 170999 168430 170637 171587 170888 164586 167111 169458 165671 169544 170578 168273 170699 170181 171978 164674 169976 169596 170478 165718 166713 171004 166599 165610 164428 167175 171029 168469 167772 171160 169241 170513 164887 170179 164097 171460 166636 169976 165196 168811 165302 168417 168557 170800 165438 168797 164124 168466 165722 164203 167386 164742 170806 164407 171559 171252 167882 170292 168597 170791 171857 168220 171752 170706 169059 165168 164488 165073 170923 165014 165288 167526 166932 165888 168998 165709 165676 165190 167772 171551 170923 168289 166168 170904 165246 164592 167774 164803 165257 169538 168669 168393 168030 167564 165528 164252 166141 169123 167965 168570 166016 166174 170278 164252 166141 166165 164832 168469 164917 166374 166545 163969 164617 170677 170195 169976 169506 168491 168273 163978 166141 166888 165617 168523 164556 168047 165841 166747 170120 164837 170120 164837 166135 171587 169223 275 260 262 110866 501 272 273 26229 274 167687 164370 166373 170794 171260 164275 166984 166137 169738 168073 164731 168037 170178 165731 164731 168037 170178 165731 164731 168037 170178 165731 164731 168037 170178 165731 164731 168037 170178 165731 164731 168037 170178 165731 164731 168037 170178 165731 164731 168037 170178 165731 164731 168037 170178 165731 164731 168037 170178 165731 164731 168037 170178 165731 164731 168037 170178 165731 166726 169919 165978 171310 166362 168056 165978 166828 164731 167032 168415 164296 167684 167032 164632 164296 167684 164331 164632 165424 164731 164331 164632 165424 164731 164331 164632 165424 164731 164331 164632 165424 164731 164331 164632 165424 164731 164331 164632 165424 164731 164331 164632 165424 164731 164331 164632 165424 164731 164331 164632 165424 164731 164331 164632 165424 164731 164331 164632 165424 164731 164331 164632 165424 164731 164331 164632 165424 164731 164331 164632 165424 164731 164331 164632 165424 164731 164331 164632 165424 164731 164331 164632 165424 164731 164331 164632 165424 164731 164331 164632 165424 164731 164331 164632 165424 164731 164331 164632 165424 164731 164331 164632 165424 164731 164331 164632 165424 164731 164331 164632 165424 164731 164331 164632 165424 164731 164331 164632 165424 164731 164331 164632 165424 164731 164331 165588 165424 164731 164331 165588 165424 164731 164331 165588 165424 163981 164331 165588 165424 163981 164331 165588 165424 163981 164331 165588 164296 163981 164331 167159 164353 169222 167032 164827 168931 169387 164370 167258 167716 164370 167876 171689 166354 169310 167307 170892 165299 169231 167741 165181 168799 167772 166435 165498 165362 169407 170731 164811 164543 164208 166594 166698 170025 166024 163869 168799 166545 170064 165365 170791 171920 165030 164841 169299 170478 168380 171260 168499 165011 168988 169162 169798 168623 171528 169375 166543 170025 164115 165855 170489 166653 166794 166854 165637 164057 165681 164758 169904 166178 164215 168667 168394 166936 166203 170727 167241 165544 169862 169549 169862 167716 166378 165276 164022 170575 166537 169047 166003 167965 168238 171115 167276 164623 171332 168143 168799 167772 169788 166974 170039 170721 166911 165969 164741 169337 167884 171725 168560 166206 171133 168273 165673 170192 167772 167688 165955 165681 166675 167400 166813 169312 171539 170000 167772 169145 167473 166367 166031 164917 170421 165265 169838 163869 171037 165365 169720 165381 164077 171922 169547 165753 170278 167772 165059 171126 169663 167772 167283 171065 165681 164457 165901 166593 167183 168814 167727 167510 169548 171819 170699 169312 164098 171056 164907 165435 169807 164033 170806 166212 164824 163844 168191 165687 164293 165909 169555 164786 166951 166291 171963 168698 168799 171029 164412 166609 168597 168499 165190 169607 172016 168031 171473 170794 166160 169495 164677 170999 167845 164097 169788 166839 170272 170064 171056 168560 170731 166707 170727 165190 170700 168882 167883 166790 169426 169375 167648 164018 171862 166467 170284 168264 166605 170700 165451 164292 165139 166782 164836 165076 171085 170963 166954 170972 171651 164030 171364 168387 171819 168630 170637 170806 171825 164442 167412 164807 169371 170574 166834 166196 166762 171029 166330 167875 171997 168290 170359 169258 170631 165528 168888 171758 171819 169375 167839 167832 171809 166502 170027 164354 171294 163881 166456 170760 169266 168698 169979 166713 164697 166550 169171 168321 166024 167849 171037 171029 168058 167040 170923 164337 167412 170042 166811 163844 169788 164617 170195 164097 169464 165863 167716 171260 169871 171888 164837 167469 169039 168173 164279 169346 169318 164556 171260 170191 275 260 262 110866 503 272 273 26229 274 166135 170228 168239 166238 165204 169905 171272 171311 169627 171758 164287 164553 166424 171374 165433 164542 164519 169040 169899 165879 165973 165888 168469 171431 163969 170253 169463 168005 169421 170665 170182 166491 169182 169450 168041 166386 165291 167040 163897 165190 170179 164567 170762 169256 164290 171431 164876 166545 171160 165933 167466 171941 165958 165099 171149 167965 166834 170284 168499 165346 167278 169951 166834 169483 168273 171539 168589 170233 170567 167738 167573 166291 167573 167728 170660 164326 167113 169248 165644 165231 170742 166675 168754 171278 167158 166698 169229 171213 167198 165338 171081 166854 163843 167150 170921 168491 170879 170530 168491 166037 168680 165412 166023 168836 168174 170800 165042 169386 168469 163862 170386 165610 167424 164755 164097 170341 170791 170690 171152 169519 164891 169266 164638 169218 165888 166991 168307 167772 166675 165876 165836 168616 165339 167607 171297 169234 164970 165987 164012 169512 166828 170889 166545 163969 169843 166477 171260 164143 168430 171819 167112 169123 165779 170034 171483 171524 168047 170055 169149 164756 169012 166186 170986 171831 169497 165394 164162 165432 171002 167348 165236 168756 164446 167542 165876 165820 167293 166834 166024 164097 170879 167772 165332 164266 170451 171152 171819 168491 171819 166972 166511 166477 169976 167175 165276 169495 171630 171593 275 260 262 110866 501 272 273 26229 274 165841 167716 166238 166160 166133 167716 164824 169915 167427 171190 168526 168112 170123 166519 166346 168112 169772 166519 166346 168103 169772 166519 166346 168103 169772 166519 166346 170178 169735 166519 166346 170178 169735 168682 168526 164808 164370 164090 164573 164370 167876 167716 169157 170782 166089 171036 171922 164097 167845 168188 166835 168273 166307 166310 169788 166545 165271 170441 165528 165099 169145 166545 165288 170044 164478 166593 164171 164255 170435 170821 168321 170086 168063 169312 170278 170160 165272 171411 168589 171152 171968 170690 164993 165528 165099 170192 170116 168667 169483 166543 168922 166834 170181 170784 165163 167217 170561 166322 165681 169504 164240 166322 165106 170044 165640 164076 171053 170387 169855 170574 165433 164617 166762 171029 170226 166769 166330 165709 167324 170160 170923 169581 170151 164037 169855 170742 170000 172012 170054 169870 167877 166605 165190 170700 166811 166003 167845 172012 167464 170637 164585 171014 166269 169972 165524 167754 169145 166140 164824 171416 168273 164318 169242 170742 169519 171513 165271 170699 169918 170624 164340 168026 171056 167884 170271 170784 166016 168499 169288 165039 168012 167884 168072 170278 167463 169717 165190 168191 170032 170957 169426 169483 167346 169999 169936 166284 171075 164758 169134 169853 170963 166922 164279 169145 170727 164299 169549 169862 171082 165567 164326 171260 167462 168259 171292 165506 168888 165917 168699 164090 167109 170513 170192 167869 168232 166713 169186 170253 165358 171922 165359 170574 166934 169482 171819 169788 164887 165815 165439 167305 165753 170700 168829 164097 168417 169186 169519 171513 165271 167870 169312 165039 165281 169498 166477 164889 164333 164290 168191 170415 168953 165476 165528 165099 170192 166291 165497 168698 164412 171029 165917 167772 163879 164961 171233 166210 167523 168655 169258 168829 171935 164886 169770 164902 167723 166174 168129 171085 170305 170016 163880 164031 168394 171819 167367 164512 171260 170055 275 260 262 110866 503 272 273 26229 274 169149 166135 167036 169149 164756 169687 164657 171962 165617 167688 164671 168669 165461 165011 164881 167329 166769 170561 166612 165779 167590 165451 168050 167724 169237 171144 169331 165208 168944 169868 169375 166834 167606 169913 167992 169831 171458 166279 170784 170861 165753 168075 169302 170699 165011 171539 167671 171758 167656 168257 164125 169951 166111 165042 167329 166658 169763 168555 169547 166804 169377 167307 169811 166170 165307 164578 165595 167302 164097 168570 169755 169473 171039 168657 166594 171402 169095 170152 164153 166387 165291 170513 170799 168998 171409 164766 164570 169256 171293 168698 169421 164158 170954 166138 167297 167882 170820 168839 168244 165204 165192 166477 169399 169931 171551 164417 171167 166603 168888 167772 167688 165440 165987 168243 166888 165346 164508 168394 169427 170942 167671 168050 168819 167772 165684 170898 166240 169342 166262 166430 169976 164881 165381 165924 164841 167217 167593 165718 165600 167959 170346 168931 167133 168455 166306 171479 164617 165607 164743 170276 170820 166593 170871 170182 167727 169337 170365 165307 165213 169976 168811 169803 166913 166666 166291 169868 164617 168491 164786 168848 164162 166834 170971 170923 171721 163937 168050 169868 171314 167494 168273 165398 166520 170509 170992 169868 167959 169196 165727 167729 166615 165758 170042 172029 166306 164967 168699 170926 170284 168613 168862 167870 168273 167373 169506 167112 171819 165894 169862 171524 275 260 262 110866 501 272 273 26229 274 171915 166080 164616 164613 169319 169550 168668 166160 166632 164370 167876 164370 170421 168520 166016 168463 169915 168815 168526 170820 163944 166519 169919 170820 163944 166519 168526 168047 168931 171740 168239 170267 170640 170902 171291 164090 171203 171260 164824 171260 164090 169105 167716 167700 164140 167391 171840 165753 170943 164617 166762 171029 170247 171551 170923 171096 167037 165381 165398 171067 170972 167772 167688 164530 167283 171162 169730 165474 168312 171516 166388 165626 169462 171232 168615 165955 167523 170707 164167 169375 164278 171940 168569 164369 167338 170323 171308 170616 171260 167226 165586 168517 166435 164824 164824 171499 164052 164824 167345 168787 166089 171036 171922 164097 167845 168672 167664 166357 168387 172020 166306 170133 166673 165954 168499 169976 169288 170531 167663 170342 165252 166622 170923 171417 167307 170657 170201 169069 170498 167334 168321 167845 168050 167614 170665 167324 165709 164098 168792 164975 166094 164343 166849 165667 168393 171584 169999 166287 165365 170923 170372 165206 164824 169258 168814 164417 171721 164617 170195 164097 168537 169241 166452 169871 167037 165381 169039 166105 163882 169039 164967 168146 164030 171260 168034 169862 166044 165841 167716 167800 170359 169495 164586 165085 165681 167064 171972 166675 164077 168321 170086 164775 164657 168961 166639 165190 167329 168307 165427 165252 166695 169439 164662 165042 170657 170025 166752 169453 171869 171721 164617 166991 165746 170791 170923 169871 168381 167671 166922 166954 168394 165296 171289 164556 166031 171260 170055 169149 168712 170660 169345 166739 164506 170633 170034 166454 169548 171064 165709 165544 164296 170267 164642 169502 166237 170159 170665 166915 165626 164657 166006 168381 166671 171351 170072 170528 170328 164521 167269 171064 165770 165985 166713 170478 167297 170615 167342 172012 172020 170827 170778 169336 164010 170179 164755 170278 172012 170679 170284 164338 166237 170206 168818 171819 165709 169303 165252 165225 167772 171064 170699 169918 167832 171809 165070 167279 172028 166168 170064 170159 168818 171819 164617 170200 165718 169718 171624 171791 165626 165309 170307 171758 165421 169552 169832 166772 171233 164493 169435 170727 169258 165451 168387 168058 163869 171037 165365 170963 172020 165255 170513 165894 166811 164903 171238 170813 170637 169003 172020 169426 166954 172001 171300 171185 167493 167992 168417 163869 168193 164617 169328 168050 165032 165008 166670 171624 165758 168393 168521 170921 166131 166288 169918 166166 169673 166178 170971 165841 171260 166210 275 260 262 110866 503 272 273 26229 274 171253 166557 164485 170408 171925 170178 163944 164731 169919 170820 163944 166726 170883 166611 165595 165645 166452 164090 167258 164370 167876 169616 163966 164824 164090 164017 164370 171477 164063 171260 168599 164851 166030 170477 170123 166519 164467 171926 165731 166519 169919 171926 165731 166519 169919 171926 165731 166519 169919 171926 165731 166519 169919 171926 165731 166519 169919 171926 165731 166519 169919 171926 165731 166519 169919 171926 165731 166519 169919 171926 165731 166519 169919 171926 165731 166519 169919 171926 165731 166519 169919 171926 165731 166519 169919 171926 165731 166519 169919 171926 165731 166519 169919 171926 165731 166519 169919 171926 165731 166519 169919 171926 165731 166519 169919 171926 165731 166519 169919 171926 165731 166519 169919 171926 165731 166519 169919 171926 165731 166519 169919 169696 165731 166519 169919 169696 165731 166519 169919 169696 165731 166519 169919 169696 165731 166519 164467 169696 166009 166519 164467 171726 170916 165645 170727 164033 169920 168239 167031 167833 169495 166737 165190 165008 168587 164097 164492 167903 165366 171998 168899 165718 165600 170328 165381 170246 164499 164978 166276 170179 164833 170152 164171 169337 165271 164492 164935 167181 171974 168455 165957 170369 166291 167329 167415 170936 169482 170904 165770 163913 164057 169926 166935 168151 170609 164657 167716 169443 165079 171034 164671 164351 165888 171732 168567 163995 169319 166769 164454 167035 168004 166240 171281 165435 167736 170530 166803 164967 171195 170010 166007 171974 170582 167772 171556 164607 167114 171651 165208 169548 163871 164292 164911 168050 165235 168852 169687 164512 169860 165338 166789 169851 166794 170003 170359 164120 171112 171374 171344 169155 170480 172006 167688 170928 164643 170203 165432 165181 168469 168050 165461 168354 170603 170658 164607 164032 165688 170971 167438 165617 166813 164159 170152 164081 168273 167473 170579 168589 168658 169699 164431 169185 171809 170968 169333 170027 171430 171260 169241 166679 170851 166197 171436 170359 163995 171707 168706 167936 168658 164287 169745 164808 165039 171152 164252 165099 167093 165085 170474 171458 168286 163994 168393 169757 165011 167415 169386 169851 164279 166037 164313 167833 167642 167415 165190 166545 167316 170804 171650 169538 164671 169357 168899 168393 166374 170300 163969 166558 166477 170191 168953 169976 166186 169039 171819 165099 164967 172018 169987 166080 168047 164078 275 260
