=== TURN 241/259 • PROMPT AFTER TRIM ===
Removed script turns: 10
Remaining script‑turns: 29
Remaining assistant‑turns: 10
Total prompt tokens: 2102

Decoded prompt:
[extra_id_1]user0[extra_id_12]To▁wrap▁up,▁what▁is▁your▁favorite▁part▁of▁this▁framework?[extra_id_0][extra_id_1]user1[extra_id_12]I▁love▁the▁seamless▁sim-to-real▁transfer▁and▁the▁clever▁context▁adaptation![extra_id_0][extra_id_1]user0[extra_id_12]For▁me,▁it▁is▁the▁elegant▁combination▁of▁graphics,▁physics,▁and▁machine▁learning![extra_id_0][extra_id_1]user1[extra_id_12]It▁is▁truly▁interdisciplinary▁and▁inspiring![extra_id_0][extra_id_1]user0[extra_id_12]Thanks▁for▁joining▁us▁today!▁We▁hope▁you▁learned▁something▁new▁and▁exciting![extra_id_0][extra_id_1]user1[extra_id_12]Stay▁curious▁and▁keep▁exploring▁the▁world▁of▁autonomous▁robotics![extra_id_0][extra_id_1]user0[extra_id_12]Until▁next▁time,▁happy▁navigating▁in▁three▁dimensions![extra_id_0][extra_id_1]user1[extra_id_12]And▁may▁your▁drones▁always▁find▁their▁way![extra_id_0][extra_id_1]user0[extra_id_12]Let▁us▁do▁a▁quick▁lightning▁round▁of▁fun▁facts▁before▁we▁go![extra_id_0][extra_id_1]user1[extra_id_12]Did▁you▁know▁some▁drone▁swarms▁have▁over▁a▁thousand▁units▁flying▁together?▁Wow![extra_id_0][extra_id_1]user0[extra_id_12]And▁neural▁networks▁can▁now▁run▁on▁tiny▁microcomputers▁the▁size▁of▁a▁credit▁card![extra_id_0][extra_id_1]user1[extra_id_12]3▁Dimensional▁Gaussian▁Splatting▁is▁used▁in▁video▁games▁for▁fast▁rendering▁too![extra_id_0][extra_id_1]user0[extra_id_12]Differentiable▁simulators▁are▁being▁built▁for▁self▁driving▁cars▁and▁even▁space▁robots![extra_id_0][extra_id_1]user1[extra_id_12]Reinforcement▁learning▁is▁inspired▁by▁how▁animals▁and▁humans▁learn▁from▁rewards![extra_id_0][extra_id_1]user0[extra_id_12]Context▁encoding▁is▁like▁a▁memory▁for▁the▁robot,▁helping▁it▁avoid▁repeating▁mistakes![extra_id_0][extra_id_1]user1[extra_id_12]Curriculum▁learning▁is▁modeled▁after▁how▁humans▁learn▁easier▁tasks▁first![extra_id_0][extra_id_1]user0[extra_id_12]Zero▁shot▁transfer▁means▁fewer▁field▁tests▁and▁faster▁deployment![extra_id_0][extra_id_1]user1[extra_id_12]Sim-to-real▁is▁a▁hot▁area▁of▁research▁everywhere▁from▁robotics▁to▁healthcare![extra_id_0][extra_id_1]user0[extra_id_12]Gaussian▁splats▁are▁just▁math▁equations▁but▁together▁they▁create▁amazing▁realism![extra_id_0][extra_id_1]user1[extra_id_12]Variational▁autoencoders▁can▁generate▁new▁images▁from▁compressed▁codes![extra_id_0][extra_id_1]user0[extra_id_12]Reward▁shaping▁can▁make▁training▁ten▁times▁faster▁if▁done▁well![extra_id_0][extra_id_1]user1[extra_id_12]Gradient▁descent▁powered▁machine▁learning▁has▁revolutionized▁artificial▁intelligence![extra_id_0][extra_id_1]user0[extra_id_12]Sensors▁on▁drones▁are▁getting▁smaller,▁cheaper,▁and▁more▁accurate▁every▁year![extra_id_0][extra_id_1]user1[extra_id_12]Wide▁angle▁cameras▁let▁drones▁see▁more▁at▁once▁for▁better▁navigation![extra_id_0][extra_id_1]user0[extra_id_12]Policy▁networks▁can▁now▁run▁at▁over▁thirty▁decisions▁per▁second▁in▁real▁time![extra_id_0][extra_id_1]user1[extra_id_12]Parallel▁simulation▁is▁like▁having▁a▁hundred▁drones▁flying▁in▁software▁at▁once![extra_id_0][extra_id_1]user0[extra_id_12]Point▁clouds▁are▁also▁used▁in▁archaeology▁to▁map▁ancient▁sites![extra_id_0][extra_id_1]user1[extra_id_12]High▁fidelity▁simulation▁helps▁reduce▁crashes▁and▁hardware▁damage![extra_id_0][extra_id_1]user0[extra_id_12]Thanks▁again▁for▁joining▁us▁and▁geeking▁out▁on▁all▁things▁autonomous![extra_id_0]

Prompt token IDs:
261 1495 501 272 2151 23566 1200 488 1954 732 1189 11201 1619 663 797 19847 519 260 261 1495 503 272 531 5021 621 71798 2855 7823 107939 13226 671 621 44110 3904 52150 485 260 261 1495 501 272 4216 1278 488 815 732 621 41151 16658 663 22212 488 33707 488 671 9277 11048 485 260 261 1495 503 272 3673 732 14883 123724 671 52101 485 260 261 1495 501 272 19893 726 28503 1050 5673 485 2082 6551 893 14988 4277 897 671 20777 485 260 261 1495 503 272 59417 35232 671 4299 38174 621 3241 663 59543 106438 485 260 261 1495 501 272 39041 3109 1513 488 10167 88395 603 3999 24004 485 260 261 1495 503 272 5165 2122 1189 58198 4589 2572 1478 2814 485 260 261 1495 501 272 15845 1050 805 537 6666 51235 7963 663 4219 20505 2745 1018 1234 485 260 261 1495 503 272 11292 893 2444 1806 42611 90283 521 1072 1562 537 25361 12995 25562 6368 519 70189 485 260 261 1495 501 272 5165 47128 22175 1115 2481 2782 750 21439 12760 66568 521 621 2387 663 537 10810 6241 485 260 261 1495 503 272 505 44424 619 74136 77733 601 2203 732 2585 603 4726 6491 726 8188 32999 3850 485 260 261 1495 501 272 100765 3711 64813 521 933 2882 9482 726 1130 15525 14733 671 2606 5993 45623 485 260 261 1495 503 272 1184 596 17188 11048 732 22860 976 2147 15600 671 19926 6643 901 33426 485 260 261 1495 501 272 3399 17561 732 1862 537 8189 726 621 19346 488 16453 815 9261 61862 32574 485 260 261 1495 503 272 26173 36795 11048 732 91183 2206 2147 19926 6643 13748 14373 2004 485 260 261 1495 501 272 28244 10634 13226 5693 26246 3557 11355 671 16648 36852 485 260 261 1495 503 272 21995 7823 107939 732 537 6737 5242 663 5772 26422 901 106438 658 28996 485 260 261 1495 501 272 529 71930 612 158401 933 1905 11133 59137 1213 6368 1376 3205 12614 100324 485 260 261 1495 503 272 84226 2887 5500 43038 521 1115 11187 897 8794 901 48518 21808 485 260 261 1495 501 272 88679 69919 1115 2204 8073 9456 5170 16648 800 4793 2837 485 260 261 1495 503 272 46611 57800 35450 9277 11048 1196 21613 2631 32233 17643 485 260 261 1495 501 272 48688 521 750 58198 933 6252 14479 488 36654 488 671 1368 20986 2510 1801 485 260 261 1495 503 272 90453 14563 28449 1867 58198 2596 1368 925 5195 726 4566 16735 485 260 261 1495 501 272 21666 22175 1115 2481 2782 925 1562 41684 17580 1159 3579 603 3337 1513 485 260 261 1495 503 272 25944 29906 732 1862 5800 537 12371 58198 25562 603 5390 925 5195 485 260 261 1495 501 272 4475 46818 933 1875 2585 603 59425 4198 658 4153 21676 10701 485 260 261 1495 503 272 18827 117721 29906 13673 12688 56641 671 18504 9120 485 260 261 1495 501 272 19893 2702 726 28503 1050 671 83608 630 1194 750 1158 4310 59543 485 260 262 110866 501 272 273 26229 274 171474 163911 166470 168525 165432 170099 170474 170874 166364 171266 169372 171731 167468 169627 171256 168026 171256 171971 168586 170202 168579 170088 169213 167468 168310 169627 165432 167436 166364 166561 170648 169844 165099 167655 169074 167175 170202 169914 170904 170099 169282 170464 166141 171263 169622 170146 167175 170246 167667 171263 171044 165079 169007 168975 164523 164340 168461 164959 164349 167595 169282 167595 166364 171971 171732 164629 167503 168153 167078 165529 169627 168938 165271 167831 171791 170254 164755 167698 166013 171029 170246 166078 164237 171214 167939 170192 169627 165600 167145 171256 171866 167667 168197 170482 166084 165398 168879 166828 168746 169627 171029 164342 166646 167724 167294 167930 165462 169627 171256 165271 164437 167600 167615 167164 169627 171256 167145 171256 165271 165600 171866 167323 170747 168273 170077 163870 164223 169131 169627 164726 167145 171459 169513 168938 171288 165378 169891 168736 165705 168350 169276 275 260 262 110866 503 272 273 26229 274 170534 171734 166113 165342 170766 170530 171248 171247 165859 168098 163862 164097 168727 170300 166646 171935 170860 166713 167541 167493 165387 165075 166579 166374 171882 165474 164437 166266 170592 165339 166609 166032 169365 165432 165042 171772 165859 165601 167667 167006 165425 171943 168472 164722 171214 165432 166854 164841 164042 164476 169160 167641 168829 167772 163976 165295 168719 169757 164611 170146 171458 168945 170142 169501 164684 164851 167493 167293 167772 164992 167343 165600 171458 165718 164286 168998 167772 164947 164611 166042 164421 171256 169155 165902 168191 171380 171920 168700 168829 166854 165273 171029 168699 171165 165500 165986 171144 169587 165961 165432 171247 165600 165859 170525 171935 167970 170249 170121 164081 171249 165917 170656 168430 166947 171474 171548 275 260 262 110866 501 272 273 26229 274 163911 168706 168835 169627 170474 171220 165600 171866 171655 165269 168984 167143 171256 171220 167831 166463 170811 171263 167935 165184 164290 165271 171256 169812 167274 168273 171606 167302 165819 169131 165271 165295 170982 170525 166127 165776 168842 170721 170311 168310 165271 171256 168466 169750 170853 171606 165255 167112 169505 169131 169627 171256 165917 170369 168850 163862 171314 165779 170804 169131 171029 164570 166757 164959 171029 165271 165295 170246 166986 169519 166111 164723 166804 170649 164290 164797 169657 170662 171029 164342 171256 165271 170525 166463 168486 167051 169671 168664 165398 171620 168700 170721 169627 171256 169627 169756 165271 171029 165271 171256 171866 165600 166713 165718 168443 171467 168757 170672 169066 167425 169627 169627 166646 165287 168486 170542 166308 170582 171256 165271 170811 167963 165456 170972 167354 165955 168270 169627 171256 169513 166646 170790 165787 166671 171029 164085 164607 171791 167918 165758 168832 167293 164020 165432 169627 165432 171828 170525 166463 168486 170202 167122 164968 166013 171029 169627 171256 168041 163862 169148 170797 168664 167912 169131 169131 164409 168308 169690 171978 167573 170369 171220 169638 171804 164290 165271 171256 170170 163862 166804 167194 165738 167468 171459 169627 171256 166587 165600 171866 167667 171263 171733 164431 170078 167642 166004 169627 171882 165271 169756 168307 171029 169763 168938 171288 164088 165179 168736 165683 168989 275 260 262 110866 503 272 273 26229 274 165542 169012 167282 168825 167832 166240 172016 170721 166157 170250 166637 171557 167574 165606 167473 166814 164866 171293 171711 169745 171731 171095 167772 167294 166528 169256 164726 169155 165902 170179 166405 165790 164508 169256 165295 171656 165607 167959 167780 167985 164446 166545 169716 170530 168250 166861 168270 166986 170369 168062 165456 166830 171882 167959 170369 169895 167550 166677 164851 167415 167293 167473 170935 167402 168885 167772 165986 170955 168398 165291 168945 168424 168861 166545 168945 164768 171548 168586 166129 170112 168882 170441 171007 167772 165084 170582 167772 166986 171787 171744 167638 164353 168829 172008 168397 171007 164617 169716 167772 166646 171935 169840 170898 166594 167959 171256 165387 168708 165456 166830 165342 163995 164883 170588 164611 171551 166136 171256 170142 167667 165733 168411 166048 171882 170393 168998 165387 169215 164520 166830 166909 170286 170044 168624 164617 168998 170637 167714 171212 169786 171732 171686 168796 167835 171366 166294 163949 168188 165604 170671 169337 166813 169757 171144 171333 165269 171949 165246 165432 171247 165600 165273 164841 168542 166828 170582 168945 165066 166561 169325 166850 171103 164866 164959 166055 164197 165965 171343 275 260 262 110866 501 272 273 26229 274 165327 166089 169410 165271 165271 165600 168842 164433 168466 165600 165271 167667 171791 171070 165665 166614 170861 170078 168975 166117 167156 169756 169627 165432 168518 163977 164223 168984 169519 170474 165271 165295 171539 163885 166565 171344 165271 165600 166463 168486 170784 165779 170200 171984 164607 171791 163862 170187 166936 171480 166013 171256 170278 168796 166804 163971 166671 165955 164638 167175 169763 170811 170397 164636 165738 165600 164318 171256 170278 167294 168060 168574 167374 166374 164837 165874 168000 168920 167595 166646 168756 165776 168371 164290 165271 170369 165512 165776 169230 170528 169944 165398 170721 168631 166980 169627 164045 170867 169282 165288 171029 171866 169417 171866 166254 168060 167114 165271 165600 169627 169716 171288 169173 166506 167451 169071 168989 171731 165112 275 260 262 110866 503 272 273 26229 274 165965 167753 170149 171108 171004 167772 169716 167959 170525 164222 164632 167307 165196 169033 168700 166718 171029 167202 169761 165273 164941 168882 166410 170441 168313 166854 165432 169390 164495 169256 169895 169196 168063 168311 166731 164743 164985 171248 165042 165474 164775 171943 166909 170518 167613 170874 169155 169623 169786 168614 166136 170341 164917 171029 170142 166374 164192 167329 168869 164358 164641 168358 170937 166847 165269 165497 168900 167031 164700 165961 171882 168938 165472 167665 169342 170814 169946 171081 170811 170846 169580 164466 167541 167493 171214 170922 170242 170565 166718 167201 167093 166141 166854 165600 165273 164841 167006 167827 168264 167729 163995 169383 167103 167772 165432 165338 170525 169271 170319 164644 171004 170142 168938 171031 169215 170812 169002 169428 169788 167959 168938 166677 166430 166262 171732 171297 164222 169428 170369 166545 168708 170791 165039 170179 171731 164252 166636 165387 171248 169999 167445 167772 170790 170922 169437 169428 164097 168188 166374 165017 166850 171103 170997 165273 164833 170533 166963 275 260 262 110866 501 272 273 26229 274 171291 165327 169800 165851 168155 165570 170609 169627 171459 166381 171256 171971 168998 171263 166411 166167 165528 166671 164724 167625 168920 169627 170474 165288 165489 164959 171029 165498 164868 170982 171256 167573 166986 167374 171104 169288 167302 169505 169131 169690 171256 165271 165776 166804 165308 166168 167468 164726 170246 167329 166463 163862 172015 164991 166013 171256 170278 163862 169026 166730 164515 172001 170721 164851 165786 170311 171149 166803 164991 169282 170874 170474 164886 167294 169087 169234 165498 165600 170081 169750 167382 166308 169627 171256 164886 165007 171278 167784 167175 165365 165600 171791 167294 165288 168270 168971 165198 164991 171256 165271 165787 166671 169627 171256 167573 166986 171791 166804 168640 170447 167607 169131 165620 169690 165432 171828 167294 166463 165852 168371 171029 165271 170811 170542 165738 171256 165271 167667 171263 164321 165398 170201 170268 164959 171029 167595 166364 165288 163862 171017 167858 170874 169627 165620 167595 165432 168518 171185 166463 166263 168371 171479 168307 171256 170652 169173 169705 170915 167141 165888 170148 171733 170308 165398 167054 169349 165681 167672 170201 166432 275 260 262 110866 503 272 273 26229 274 165965 171446 168509 167479 170530 171256 168347 167827 171731 165949 170179 164975 170253 167752 168754 165432 169002 171032 169820 167606 164097 169623 171657 170525 168586 168772 164993 167736 163870 164744 164950 167238 165387 166267 167402 169761 167006 168648 164192 166957 165294 169142 165602 166267 167065 168938 167006 170297 165758 163867 167493 168586 165295 169325 168250 171144 166581 170328 171029 169455 166646 171404 167426 167784 167772 170819 168579 164040 170441 166545 171479 164029 165011 169309 165372 166136 167316 165500 171476 163988 167891 170369 167432 167827 168817 171931 169823 170972 168111 168286 165736 170242 169417 171656 170760 170688 170582 170478 170870 169895 169002 166698 168019 168989 170369 169256 167827 171293 170262 169420 168882 165807 167385 167959 171256 168188 170369 170242 168785 171587 164733 169515 166116 163995 171606 167337 167736 166855 165211 167041 169855 166947 171446 275 260 262 110866 501 272 273 26229 274 163911 165128 169627 166374 166587 170369 170278 168486 170749 168930 165787 170721 169627 171256 167145 171256 171971 168284 164529 166595 169826 164936 170474 165170 165718 171791 170784 166804 167181 169569 171046 167156 165365 165432 164318 166364 171266 171732 165512 170142 170063 170466 166308 169131 169627 165432 167595 166364 166463 166111 171263 169115 167784 164045 164318 171256 170982 167667 171791 171490 169284 166026 164888 168700 170721 169627 165432 167595 164794 169763 165600 171866 168486 171293 168337 165373 171882 166013 171256 166013 165718 171791 164646 167051 169115 167875 164432 169627 168945 167145 171459 167866 171256 171220 169196 165600 170652 166646 170140 164370 167964 166850 167430 165836 164939 275 260 262 110866 503 272 273 26229 274 164498 171474 167031 171644 165269 171949 167772 168945 167294 167201 164290 167772 166986 169155 169976 165319 168967 170688 165698 165387 170811 169365 167094 171247 170369 167432 164885 168043 165614 170582 166671 169365 165432 167959 166646 165387 166411 171578 165564 170311 165053 171771 166986 169999 170474 170819 168648 165472 171512 165131 171587 164643 167316 165500 168249 165362 170552 168842 165736 171458 164809 170300 165600 171657 171732 168250 164462 167415 168917 170142 168421 171733 169643 167493 168829 166568 167772 165432 171404 171772 171320 167827 168099 166497 169991 167641 168829 165152 166545 167752 170300 165600 171935 170525 166804 171757 170582 166537 165698 163862 169965 166073 168586 165295 168982 171501 164611 168669 170530 165246 165432 169002 164841 169012 167294 169762 168535 168250 169417 168982 168311 169365 166577 168829 165365 167959 170935 166579 165600 166579 171459 166579 170152 169002 170846 169390 164523 163972 169867 164220 170229 170733 171474 165327 275 260
