=== TURN 141/150 • FULL PROMPT AFTER GENERATION ===
Script‑turns now: 20
Assistant‑turns now: 11
Total prompt tokens: 2614
Generated semantic token count this turn: 168

Decoded prompt:
[extra_id_1]user0[extra_id_12]And▁the▁results▁are▁clear!▁Lower▁radiative▁losses▁and▁cleaner▁plasmas![extra_id_0][extra_id_1]user1[extra_id_12]I▁am▁thrilled▁by▁the▁prospects!▁Imagine▁commercial▁fusion▁reactors▁using▁these▁methods![extra_id_0][extra_id_1]user0[extra_id_12]It▁is▁the▁next▁step▁toward▁making▁fusion▁energy▁a▁practical▁reality![extra_id_0][extra_id_1]user1[extra_id_12]Let▁us▁keep▁an▁eye▁on▁future▁results▁from▁KSTAR▁and▁other▁fusion▁machines![extra_id_0][extra_id_1]user0[extra_id_12]I▁cannot▁wait▁to▁see▁what▁comes▁next▁in▁boron▁powder▁research![extra_id_0][extra_id_1]user1[extra_id_12]Every▁new▁experiment▁brings▁us▁closer▁to▁limitless▁clean▁energy![extra_id_0][extra_id_1]user0[extra_id_12]Before▁we▁wrap▁up▁let▁us▁touch▁on▁the▁real-time▁aspect▁of▁boron▁powder▁injection![extra_id_0][extra_id_1]user1[extra_id_12]Yes!▁Reconditioning▁the▁wall▁on▁the▁fly▁is▁a▁total▁game▁changer![extra_id_0][extra_id_1]user0[extra_id_12]It▁means▁less▁downtime▁and▁more▁consistent▁plasma▁performance![extra_id_0][extra_id_1]user1[extra_id_12]That▁is▁great▁news▁for▁both▁scientists▁and▁future▁energy▁providers![extra_id_0][extra_id_1]user0[extra_id_12]With▁all▁the▁diagnostic▁tools▁KSTAR▁can▁really▁fine-tune▁this▁process![extra_id_0][extra_id_1]user1[extra_id_12]And▁the▁more▁we▁learn▁the▁better▁we▁can▁design▁the▁reactors▁of▁tomorrow![extra_id_0][extra_id_1]user0[extra_id_12]Fusion▁energy▁is▁a▁tough▁challenge▁but▁innovations▁like▁boron▁powder▁keep▁us▁moving▁forward![extra_id_0][extra_id_1]user1[extra_id_12]Thank▁you▁boron▁for▁being▁such▁a▁helpful▁little▁element![extra_id_0][extra_id_1]user0[extra_id_12]With▁that▁it▁is▁time▁to▁wrap▁up▁our▁episode▁on▁boron▁powder▁injection▁in▁KSTAR![extra_id_0][extra_id_1]user1[extra_id_12]Thanks▁for▁listening▁and▁joining▁us▁on▁this▁exciting▁journey▁through▁fusion▁science![extra_id_0][extra_id_1]user0[extra_id_12]Stay▁curious▁and▁stay▁tuned▁for▁more▁breakthroughs▁in▁plasma▁physics![extra_id_0][extra_id_1]user1[extra_id_12]Until▁next▁time▁keep▁dreaming▁of▁a▁fusion-powered▁future![extra_id_0][extra_id_1]user0[extra_id_12]Bye▁everyone![extra_id_0][extra_id_1]user1[extra_id_12]Goodbye▁and▁keep▁those▁questions▁coming![extra_id_0]

Prompt token IDs:
261 1495 501 272 5165 621 5200 933 4773 485 43863 18707 2405 27754 671 50409 49562 521 485 260 261 1495 503 272 531 1870 58517 976 621 42813 485 58992 13281 57163 102495 2893 2602 8909 485 260 261 1495 501 272 3673 732 621 3109 5140 14028 5530 57163 7991 537 23427 13866 485 260 261 1495 503 272 15845 1050 4299 846 12638 750 6472 5200 901 1239 98157 671 1733 57163 19872 485 260 261 1495 501 272 531 6985 6362 658 2596 1954 6779 3109 603 1206 3862 26209 5772 485 260 261 1495 503 272 18092 897 14746 19545 1050 19060 658 128935 7116 7991 485 260 261 1495 501 272 16080 1018 23566 1200 1867 1050 9480 750 621 3337 11660 20256 663 1206 3862 26209 40000 485 260 261 1495 503 272 14926 485 1786 14342 630 621 11311 750 621 18033 732 537 4762 3135 90927 485 260 261 1495 501 272 3673 5693 4604 108019 671 1368 20355 49562 8376 485 260 261 1495 503 272 7980 732 3858 6186 726 3739 21827 671 6472 7991 19745 485 260 261 1495 501 272 4046 1158 621 23607 11843 1239 98157 1115 3730 11174 4104 4908 797 3247 485 260 261 1495 503 272 5165 621 1368 1018 6643 621 4566 1018 1115 4905 621 102495 663 25984 485 260 261 1495 501 272 528 12130 7991 732 537 17389 13724 1213 69119 1862 1206 3862 26209 4299 1050 11620 7749 485 260 261 1495 503 272 20501 893 1206 3862 726 2882 3019 537 17225 4512 4120 485 260 261 1495 501 272 4046 812 815 732 1513 658 23566 1200 1795 14603 750 1206 3862 26209 40000 603 1239 98157 485 260 261 1495 503 272 19893 726 22373 671 28503 1050 750 797 20777 18270 2675 57163 12810 485 260 261 1495 501 272 59417 35232 671 7868 51202 726 1368 64044 521 603 49562 33707 485 260 261 1495 503 272 39041 3109 1513 4299 83656 663 537 57163 62692 6472 485 260 261 1495 501 272 2344 551 8307 485 260 261 1495 503 272 23804 45095 671 4299 3193 7928 8273 485 260 262 110866 501 272 273 26229 274 167721 166835 165025 170168 171474 170986 171631 164195 168750 166737 165283 164923 170116 166743 165505 165068 166128 166916 167523 165989 164283 166936 165231 169927 170950 170788 165042 169319 167723 165297 165409 167182 170548 166426 166803 167541 164390 171569 168243 168322 168347 164450 168689 168574 166497 171480 167126 171470 165128 170035 168347 165378 164023 171829 167215 165017 167294 169092 171183 170685 164038 166118 171551 167669 165351 164464 165299 167370 167669 165616 166056 164548 168229 169085 164242 166174 164584 166908 170656 168574 168530 171266 166831 165554 165128 169488 164970 165378 166986 169053 166982 170819 170921 169013 164978 167858 168243 165412 165351 166426 171946 165402 168635 169775 168514 168422 171462 167619 165875 167990 164882 166991 164457 165842 165474 169836 171000 170027 165749 171346 167002 165141 164252 169421 165262 171937 167776 167444 171859 169625 164589 167005 164977 170909 171002 168417 166737 167909 163955 171083 168633 169976 168279 166127 167119 170460 170284 167200 169480 167723 165758 170478 169245 171316 169871 164457 165266 171404 170915 165474 171935 165372 165897 170971 165236 165060 170151 167176 167238 169363 165201 167718 166157 166899 165982 169569 164283 164185 163913 171205 165915 164120 168950 168461 170636 275 260 262 110866 503 272 273 26229 274 171803 166455 166477 168096 171078 167865 166488 169730 164772 167215 169951 167851 165607 167752 169461 171289 165296 170734 163950 168848 166334 164421 164816 169531 169479 169084 167473 170272 168998 171940 166509 171347 169834 164223 167111 166806 168063 170311 164962 169576 165221 170972 170210 165730 167145 169513 168419 170765 167215 169474 171248 166834 165243 168555 165047 167476 169544 166438 170272 168998 164995 167496 171347 169834 168273 170195 165170 165766 165489 169778 165108 167707 170017 164076 169045 171166 170054 168906 170856 168203 165766 166359 169479 167772 168327 168902 170297 169256 168063 166491 167828 165682 170171 163875 170797 168187 164240 167215 169426 171148 165541 165604 169474 169234 167754 169625 164338 169254 166310 165213 166846 171096 169513 168243 164586 169526 170387 163938 169474 168483 168174 171344 169340 170670 166508 170972 165900 169778 168574 168825 168574 164772 164768 170687 166349 168216 170105 168519 165307 169322 166424 167164 167111 165030 164907 165845 165677 164302 164636 172001 164178 165786 165819 165351 170765 171365 170687 166648 166612 171545 170512 169297 171417 167704 168266 170781 164735 166803 171004 165761 165752 167122 171551 170890 171318 169479 170478 168674 166092 166312 166381 165276 167128 170687 165305 168216 170888 169373 171683 166510 165365 165276 168477 169425 168833 169891 171100 168937 165113 169738 171397 164816 164561 169468 167373 166319 165564 169345 275 260 262 110866 501 272 273 26229 274 170035 170211 171887 167516 164985 170889 168481 168853 165338 171827 166056 167382 164662 169779 164497 164068 170909 167551 170860 167216 165068 166128 164283 169248 164578 170458 171843 170742 170781 169748 170781 171930 169885 171802 164283 164252 165231 165997 166134 170450 164032 168730 169636 169846 166463 165012 165570 165721 169182 171558 168282 169500 163856 164881 164802 169927 171404 165017 164885 170450 167718 167006 167153 170445 168823 170386 164458 170232 167816 166720 164105 163941 170046 170071 166414 171972 166653 163852 165842 168617 165741 167191 164012 166675 165017 167294 171902 166983 166140 169563 165985 167776 170058 167909 164358 169256 169885 168371 164699 169664 170903 170950 168143 168347 169885 167052 164336 170913 165313 171150 168096 167771 169490 165725 167865 165176 167086 166619 164413 164972 170915 166986 169090 168549 164574 165866 171205 168477 169927 168347 168306 166916 164283 170119 169941 171148 166737 166021 164090 168865 167353 170102 170278 167456 169505 169182 169218 165299 169927 165942 164905 167315 164485 168930 166790 169437 170450 168754 170670 169564 164038 170657 165324 171875 165549 168282 169488 168347 167312 171404 164088 166779 164762 171733 171346 168833 170666 171166 168628 164012 165280 164080 165949 166930 165617 163913 163913 164185 169468 164120 166246 275 260 262 110866 503 272 273 26229 274 168267 171343 171330 169627 166695 167220 171732 164907 168363 171528 166813 169951 169234 169841 169921 164530 169665 167621 165566 169373 164332 166510 171551 166406 171665 169479 167034 165435 165792 168083 167325 170182 167112 164268 165020 170485 165163 164076 169788 165507 167220 170537 170687 164159 164912 163840 165682 170926 167965 164152 166407 164808 170192 167869 171695 165236 167220 168417 168174 167014 168321 169659 164037 170000 171802 168848 171397 165758 167186 170874 164287 171148 170687 168347 170574 170092 169049 165790 166587 170477 170027 166165 171093 171549 169814 166888 164738 168848 165528 168202 167932 170035 166455 166089 165101 166806 171758 166491 165787 170372 169513 171148 166938 170341 169474 171344 171984 167299 165373 164431 167378 165265 165291 164907 169453 170504 167636 165422 166991 167131 165567 170358 168216 171801 168134 167956 170561 167936 165457 165766 169863 166272 171386 164701 170799 170179 170267 171575 165103 165351 164058 164625 170372 165162 167412 165570 171620 164171 168906 166186 167034 166272 169155 171543 164287 164431 171133 165418 171828 169326 165346 169629 164473 171620 165236 171869 169177 171528 170270 169513 166306 169488 168917 168174 168624 167992 170847 169862 170815 171545 167122 164242 168050 165030 168853 168443 166898 164153 167148 168371 170305 167102 167496 171265 168978 169524 166772 168603 166186 170663 169778 165089 167621 169834 164332 169995 168271 166186 164258 167867 165924 171284 169431 170190 164907 167948 163939 166051 166790 165425 170000 167102 165681 166636 171447 170372 165418 169649 170687 168570 165766 168351 171268 170533 166540 164332 169995 168477 169425 169924 168063 165676 168290 170718 168522 171397 168890 167523 169834 171549 171022 170998 164338 167733 275 260 262 110866 501 272 273 26229 274 171803 166455 170986 167393 168741 169918 168175 168872 164923 168063 166743 165505 165767 172016 165564 165508 165299 166595 166806 166737 167541 166992 164596 170899 164263 164970 170574 165474 169836 167723 169418 171133 170854 164283 164252 164578 171440 170223 168750 170251 171148 170574 171095 168989 164148 169806 171927 171000 167133 164574 170292 170005 171055 170005 168736 165457 169770 165372 168619 170849 166556 167918 170192 170251 164098 169500 165986 170979 167723 166550 164242 170253 167171 169046 166731 166477 168309 167500 165162 164234 165610 168883 167010 167147 170950 166106 171318 164400 166907 166125 170700 171711 170652 169788 166908 171210 167870 164315 167776 166737 168175 166477 166348 166790 169437 169770 168754 166603 165698 165168 165807 165114 165494 170903 163856 166911 170422 164129 168699 168566 167723 170230 164038 164020 169563 171002 164758 165603 171404 168220 165474 171314 168329 168574 164340 170151 164192 171150 170126 166835 166956 167518 170322 164279 169965 167278 170202 171388 171002 163860 169306 169664 169871 167776 165161 164970 164471 168567 167370 171949 169914 165351 167370 170921 169885 166230 164315 164369 171756 164802 164900 167413 170023 168549 164986 166103 275 260 262 110866 503 272 273 26229 274 171574 166720 171812 166455 167608 170071 166950 168368 164772 170297 170687 169509 165272 167176 171869 171882 169461 169874 164968 164196 164120 164877 168291 170195 166168 166388 165307 168249 164203 171882 167154 170730 165712 165365 167835 168357 171607 169040 172018 168572 167228 168243 172006 166322 166834 165722 170165 164912 171861 168250 170297 167772 165376 168449 167516 167942 169345 165570 168700 167164 163856 170856 167948 169649 171404 166603 171976 165211 164431 170961 170992 166279 164702 167156 171284 169563 167330 169863 166790 169625 166772 171397 165221 167103 170412 171495 169474 170947 167128 166141 170602 164550 171308 163950 164252 164877 168291 164309 171516 166134 169474 166579 169674 167769 164568 171545 170195 170512 165567 164673 166938 167602 169005 166051 166545 164433 171819 171397 164624 168491 170074 164340 169357 167220 166695 165302 168243 170687 170341 169479 171791 171869 165242 166335 170340 164772 169289 166306 166400 164787 164010 172018 167814 170251 167851 169474 169101 168196 169797 166510 168083 169863 165293 168586 164046 168549 170685 169505 165045 171166 170054 168906 166186 167909 166272 169155 171543 170936 164431 164081 165418 166733 169326 168449 169629 169625 171180 168807 169951 171735 168519 168975 165276 165211 164755 167164 168083 169852 167632 166349 168929 169060 167936 163866 171715 165346 166773 165322 167711 166277 171819 167523 171075 171549 167373 166319 168257 168533 167932 170035 275 260 262 110866 501 272 273 26229 274 166455 170986 171874 164758 166103 164012 164336 167503 166518 169564 165528 168381 166174 168058 170968 171210 168888 164758 166103 171846 165378 166986 170260 170104 166331 167673 169177 165507 165842 167909 166648 166918 168128 170670 164989 169976 165727 168989 166120 166128 165989 164120 171549 169248 164578 171012 170081 168818 169256 166487 170076 169775 163843 168143 166286 170967 164007 167159 168197 164623 167524 164293 165176 170788 168790 167465 167278 165924 166916 171205 169652 165310 164546 164263 164970 165378 165474 169799 169630 170027 165749 168452 171596 165055 165211 166106 171148 170941 166056 170789 165322 166447 171352 169652 164530 167238 168806 170021 165176 165017 169437 168736 167128 169000 170831 165424 164302 167723 165157 171266 164623 167149 165161 169786 170574 171365 165349 165697 165887 170341 169770 168393 171902 167278 169113 170909 165523 167909 167760 164353 170762 166165 163913 169976 171133 167442 167774 171209 170760 167718 171557 166603 168655 165773 164252 166125 169397 164290 171606 171633 168466 165664 166280 170035 275 260 262 110866 503 272 273 26229 274 171072 170180 166455 171887 168432 167595 164772 169289 170687 168765 169499 164076 171912 164223 166272 164007 164907 164868 165307 165190 170971 166348 166491 170417 169513 163856 165435 169863 169854 167875 166291 168998 166612 171347 169032 167164 171819 165316 167267 170972 165758 164877 171828 166162 169649 165603 170341 169479 165252 169474 169196 169838 167299 168385 170766 165276 165792 164907 165190 167727 169319 165272 168793 165205 164566 170938 167612 171462 166441 164877 165900 168216 168574 169951 165688 167555 167749 168851 170007 167164 167102 171970 170721 164772 168243 166545 170002 165617 169254 170449 170586 165774 164679 165120 171078 164240 171934 169426 164175 165435 168483 170478 170002 170020 170223 168173 168151 170119 169995 170478 165293 165489 166272 170847 171311 169976 165528 165012 169951 166073 164643 165318 164680 167865 164240 165351 164772 169865 165766 171285 171447 171096 169513 168998 167727 164548 169373 169645 170609 170461 165564 165792 170687 164192 169461 169874 171819 164196 170449 168604 169045 170589 171078 167797 165819 167215 164772 168474 163939 167907 167510 168468 164787 164010 172018 165458 164772 169289 170687 164581 167288 164433 170780 165626 165293 168586 166272 168468 169104 171604 170179 172029 171575 170561 167632 166349 168735 167656 169517 169060 169393 171326 165269 166307 167392 275 260 262 110866 501 272 273 26229 274 165905 164458 167312 171343 167800 169823 165626 167030 164866 171157 171039 165366 165409 166806 165351 171264 163843 169770 169199 165402 170082 166521 168271 169601 167959 168128 169563 165252 171984 166326 164970 170574 165474 164129 168754 170670 169564 170797 167238 166534 167215 165378 165042 165636 171624 167858 166037 165248 165299 170620 168417 170574 165283 164674 165474 170851 165184 168814 164283 164185 171440 167194 168191 170034 164757 170742 163843 168143 168872 171616 169976 170179 169826 171374 165507 170742 165338 167761 170536 164882 166026 164266 167402 166603 165503 169563 168574 165523 169865 168338 168271 164266 171730 166752 171949 170670 165403 169976 170464 167126 165270 165882 168108 171846 165378 171404 165742 168063 169677 164445 165103 168728 170530 167444 171404 164129 166397 169569 166165 170016 169320 167262 169861 171551 166177 171404 168143 169867 167352 170513 171020 164081 168192 168347 169965 171166 164682 164804 168393 167208 164886 169851 166156 168035 170021 165338 171497 166134 168322 171095 171827 166400 164548 168128 171624 170797 171313 170034 165128 169488 164970 167451 170781 165338 167353 171236 167294 169770 170909 165959 166134 169000 170913 165424 167246 167140 168452 166592 165262 170677 164457 170574 165474 167959 171000 167817 168814 166125 170604 164081 170323 171148 166737 163866 170968 169409 168437 170094 167129 169373 170862 275 260 262 110866 503 272 273 26229 274 167038 171446 163911 166277 164223 165032 165222 167839 170561 164342 165058 164907 168454 171971 171256 170116 170962 171241 165698 167735 166510 169468 166634 165296 167112 164962 164508 170963 169039 167378 167597 169945 167452 167405 167282 170794 171054 165267 167769 164813 166932 169479 165457 169408 168254 171127 165190 169499 171545 170195 171078 171721 165170 166162 171285 165677 170268 171311 168273 165039 168271 166291 170002 168455 168975 164431 165795 166830 166698 166533 171210 164010 170652 164907 167907 167336 167938 164636 167140 169445 169931 166834 168313 164722 164680 164116 170587 168723 165104 167228 169818 169474 171365 166834 165099 170190 168984 171584 164770 167418 164271 169474 166986 168175 165806 166950 163861 171838 165302 171735 167244 168096 170017 170797 167412 169524 165819 168826 169426 168536 166058 167774 172006 166322 169474 165245 167171 166051 164531 169911 165082 164192 168216 165070 166772 167102 166310 165294 167936 168570 164722 167154 167782 170378 164574 164906 171864 166722 170850 166733 165239 168038 168417 166603 164010 167992 170005 169931 167898 167103 165906 166838 168165 170195 164570 165418 167171 168735 166648 170731 164192 169115 171899 167304 168299 168083 171152 164755 165012 165103 169763 167632 166349 170687 170699 163944 168468 167105 168083 170700 169302 166581 167100 167936 166157 167330 168719 167330 164153 169778 164861 166586 164268 168202 275 260 262 110866 501 272 273 26229 274 170882 168525 166455 171962 170328 164195 169865 169375 167353 166396 170831 165514 171096 172018 166889 171164 168271 164358 164792 170660 164302 165698 170016 166230 171934 165955 170330 164247 169949 169925 165474 166557 170043 164574 163913 168125 166907 165758 170223 165262 165597 164985 166822 164970 167444 164972 165349 163843 165502 167496 166359 165587 168191 170234 170262 165882 171993 171846 167444 171404 170788 168063 167465 165830 171148 169927 167128 167760 168449 165292 167246 169151 169460 165746 168806 170021 165176 169829 167294 170300 166359 168574 171721 164255 166174 164584 166908 166021 170023 170130 165339 166163 164283 166936 170072 169927 167128 168143 165223 168633 167373 170384 169391 170223 165811 171148 166737 166021 164887 167200 164146 164587 167307 169505 169394 165351 171948 165152 166053 171404 165378 169748 170300 170043 169976 168484 167990 166254 169841 171404 167065 171150 165758 170774 167456 167551 167294 166899 170430 168265 167688 166204 164530 168417 165351 167372 169437 169770 169053 169921 167769 168628 164012 165616 164792 170197 171314 165564 166916 163913 164185 170800 169383 171397 168225 167311 169345 171750 275 260
