=== TURN 134/150 • FULL PROMPT AFTER GENERATION ===
Script‑turns now: 30
Assistant‑turns now: 14
Total prompt tokens: 3364
Generated semantic token count this turn: 254

Decoded prompt:
[extra_id_1]user0[extra_id_12]The▁next▁step▁will▁be▁to▁optimize▁the▁amount▁and▁duration▁of▁boron▁powder▁injection![extra_id_0][extra_id_1]user1[extra_id_12]That▁is▁right!▁How▁much▁boron▁is▁enough▁to▁keep▁impurities▁low▁but▁not▁oversaturate▁the▁surface?[extra_id_0][extra_id_1]user0[extra_id_12]That▁is▁a▁hot▁research▁question▁right▁now▁across▁fusion▁labs![extra_id_0][extra_id_1]user1[extra_id_12]And▁KSTAR▁is▁leading▁the▁way▁with▁real▁experimental▁data![extra_id_0][extra_id_1]user0[extra_id_12]Let▁us▁zoom▁out▁and▁look▁at▁the▁bigger▁picture![extra_id_0][extra_id_1]user1[extra_id_12]Fusion▁energy▁relies▁on▁clean▁stable▁high▁performance▁plasmas![extra_id_0][extra_id_1]user0[extra_id_12]Wall▁conditioning▁and▁impurity▁control▁are▁two▁of▁the▁biggest▁keys▁to▁success![extra_id_0][extra_id_1]user1[extra_id_12]Boron▁powder▁injection▁is▁proving▁itself▁as▁a▁game-changing▁technique![extra_id_0][extra_id_1]user0[extra_id_12]It▁is▁simple▁but▁powerful▁and▁compatible▁with▁next-generation▁reactors![extra_id_0][extra_id_1]user1[extra_id_12]Plus▁it▁does▁not▁interfere▁with▁plasma▁operations▁like▁older▁methods![extra_id_0][extra_id_1]user0[extra_id_12]And▁the▁results▁are▁clear!▁Lower▁radiative▁losses▁and▁cleaner▁plasmas![extra_id_0][extra_id_1]user1[extra_id_12]I▁am▁thrilled▁by▁the▁prospects!▁Imagine▁commercial▁fusion▁reactors▁using▁these▁methods![extra_id_0][extra_id_1]user0[extra_id_12]It▁is▁the▁next▁step▁toward▁making▁fusion▁energy▁a▁practical▁reality![extra_id_0][extra_id_1]user1[extra_id_12]Let▁us▁keep▁an▁eye▁on▁future▁results▁from▁KSTAR▁and▁other▁fusion▁machines![extra_id_0][extra_id_1]user0[extra_id_12]I▁cannot▁wait▁to▁see▁what▁comes▁next▁in▁boron▁powder▁research![extra_id_0][extra_id_1]user1[extra_id_12]Every▁new▁experiment▁brings▁us▁closer▁to▁limitless▁clean▁energy![extra_id_0][extra_id_1]user0[extra_id_12]Before▁we▁wrap▁up▁let▁us▁touch▁on▁the▁real-time▁aspect▁of▁boron▁powder▁injection![extra_id_0][extra_id_1]user1[extra_id_12]Yes!▁Reconditioning▁the▁wall▁on▁the▁fly▁is▁a▁total▁game▁changer![extra_id_0][extra_id_1]user0[extra_id_12]It▁means▁less▁downtime▁and▁more▁consistent▁plasma▁performance![extra_id_0][extra_id_1]user1[extra_id_12]That▁is▁great▁news▁for▁both▁scientists▁and▁future▁energy▁providers![extra_id_0][extra_id_1]user0[extra_id_12]With▁all▁the▁diagnostic▁tools▁KSTAR▁can▁really▁fine-tune▁this▁process![extra_id_0][extra_id_1]user1[extra_id_12]And▁the▁more▁we▁learn▁the▁better▁we▁can▁design▁the▁reactors▁of▁tomorrow![extra_id_0][extra_id_1]user0[extra_id_12]Fusion▁energy▁is▁a▁tough▁challenge▁but▁innovations▁like▁boron▁powder▁keep▁us▁moving▁forward![extra_id_0][extra_id_1]user1[extra_id_12]Thank▁you▁boron▁for▁being▁such▁a▁helpful▁little▁element![extra_id_0][extra_id_1]user0[extra_id_12]With▁that▁it▁is▁time▁to▁wrap▁up▁our▁episode▁on▁boron▁powder▁injection▁in▁KSTAR![extra_id_0][extra_id_1]user1[extra_id_12]Thanks▁for▁listening▁and▁joining▁us▁on▁this▁exciting▁journey▁through▁fusion▁science![extra_id_0][extra_id_1]user0[extra_id_12]Stay▁curious▁and▁stay▁tuned▁for▁more▁breakthroughs▁in▁plasma▁physics![extra_id_0][extra_id_1]user1[extra_id_12]Until▁next▁time▁keep▁dreaming▁of▁a▁fusion-powered▁future![extra_id_0][extra_id_1]user0[extra_id_12]Bye▁everyone![extra_id_0][extra_id_1]user1[extra_id_12]Goodbye▁and▁keep▁those▁questions▁coming![extra_id_0]

Prompt token IDs:
261 1495 501 272 1337 3109 5140 1168 747 658 46709 621 5607 671 12883 663 1206 3862 26209 40000 485 260 261 1495 503 272 7980 732 2218 485 4436 3040 1206 3862 732 5623 658 4299 5391 58201 5667 1213 956 27404 4506 701 621 11781 519 260 261 1495 501 272 7980 732 537 6737 5772 5760 2218 2481 6616 57163 75987 485 260 261 1495 503 272 5165 1239 98157 732 10381 621 2814 832 3337 34874 1398 485 260 261 1495 501 272 15845 1050 24358 1194 671 2424 925 621 17670 11007 485 260 261 1495 503 272 528 12130 7991 52965 750 7116 23739 2703 8376 49562 521 485 260 261 1495 501 272 51450 53525 671 5391 9057 4327 933 2386 663 621 13561 11140 658 4121 485 260 261 1495 503 272 523 120633 26209 40000 732 60307 8410 821 537 3135 74512 23092 485 260 261 1495 501 272 3673 732 7190 1213 12739 671 28462 832 3109 66156 102495 485 260 261 1495 503 272 34541 815 2718 956 61948 832 49562 12076 1862 14283 8909 485 260 261 1495 501 272 5165 621 5200 933 4773 485 43863 18707 2405 27754 671 50409 49562 521 485 260 261 1495 503 272 531 1870 58517 976 621 42813 485 58992 13281 57163 102495 2893 2602 8909 485 260 261 1495 501 272 3673 732 621 3109 5140 14028 5530 57163 7991 537 23427 13866 485 260 261 1495 503 272 15845 1050 4299 846 12638 750 6472 5200 901 1239 98157 671 1733 57163 19872 485 260 261 1495 501 272 531 6985 6362 658 2596 1954 6779 3109 603 1206 3862 26209 5772 485 260 261 1495 503 272 18092 897 14746 19545 1050 19060 658 128935 7116 7991 485 260 261 1495 501 272 16080 1018 23566 1200 1867 1050 9480 750 621 3337 11660 20256 663 1206 3862 26209 40000 485 260 261 1495 503 272 14926 485 1786 14342 630 621 11311 750 621 18033 732 537 4762 3135 90927 485 260 261 1495 501 272 3673 5693 4604 108019 671 1368 20355 49562 8376 485 260 261 1495 503 272 7980 732 3858 6186 726 3739 21827 671 6472 7991 19745 485 260 261 1495 501 272 4046 1158 621 23607 11843 1239 98157 1115 3730 11174 4104 4908 797 3247 485 260 261 1495 503 272 5165 621 1368 1018 6643 621 4566 1018 1115 4905 621 102495 663 25984 485 260 261 1495 501 272 528 12130 7991 732 537 17389 13724 1213 69119 1862 1206 3862 26209 4299 1050 11620 7749 485 260 261 1495 503 272 20501 893 1206 3862 726 2882 3019 537 17225 4512 4120 485 260 261 1495 501 272 4046 812 815 732 1513 658 23566 1200 1795 14603 750 1206 3862 26209 40000 603 1239 98157 485 260 261 1495 503 272 19893 726 22373 671 28503 1050 750 797 20777 18270 2675 57163 12810 485 260 261 1495 501 272 59417 35232 671 7868 51202 726 1368 64044 521 603 49562 33707 485 260 261 1495 503 272 39041 3109 1513 4299 83656 663 537 57163 62692 6472 485 260 261 1495 501 272 2344 551 8307 485 260 261 1495 503 272 23804 45095 671 4299 3193 7928 8273 485 260 262 110866 501 272 273 26229 274 171803 166455 170046 164332 168888 170101 166053 171404 165378 165042 165636 169564 171733 164020 170029 167294 164400 168700 165409 165152 164293 170725 165378 164885 164336 167959 166603 170698 169266 169652 168192 167774 168730 166897 167939 165564 166254 170202 167156 169078 165610 171331 164972 165378 166986 168754 166070 165365 171178 168417 167370 166056 167299 169458 164414 163862 169836 169301 165807 167337 169096 165248 170305 167176 164985 166737 170950 166737 170742 166477 164433 166291 169256 165742 169677 165588 164806 164266 163849 163994 165987 169291 165208 166956 165161 165246 170915 170781 166687 167419 169397 166171 166666 169851 166156 168035 170021 168417 169829 169437 167451 167772 164485 166962 165378 166779 164788 168096 164181 164662 170552 166737 171404 165378 171657 168655 166550 170020 164283 168452 169853 165056 168718 168474 169927 164584 165017 169449 169991 171149 167156 167743 170478 165616 168800 165292 167723 167858 169671 165324 170071 165549 168282 169488 168347 165378 169748 170851 165125 168191 164120 167527 166254 168628 168347 171283 167723 166550 165727 166174 170827 166908 168257 168631 167613 170459 165138 167128 167567 171083 168633 169615 171409 164570 167020 171148 164358 163866 164370 165346 167465 167711 164968 164283 164185 163913 171205 167452 164120 169746 165566 168745 167421 275 260 262 110866 503 272 273 26229 274 169531 167336 170986 168374 164570 170272 167133 166669 165383 167866 170780 165262 168063 166760 171026 169814 165570 171010 170530 165766 164708 171429 171326 166835 168467 166274 170850 171355 170082 169512 167736 167691 165044 164787 165108 167330 164877 165900 168216 170909 164907 171475 165142 167293 166274 168018 164772 171777 164907 171344 164776 167644 168717 164636 166730 165681 170972 165276 171551 164907 167448 170971 165570 171620 165418 168554 166853 166454 165276 163856 170272 166813 164772 170142 166653 171029 169037 168449 169765 171773 170657 171093 166462 164873 170777 164912 170687 171404 171516 167137 171802 166510 165564 171673 170799 164081 165418 165365 165384 167304 169513 164912 164772 165365 169474 171344 167992 163840 164195 166291 171882 169755 169373 168112 171620 168125 165316 167267 167790 167690 165807 169995 167100 164772 167851 169474 165924 171334 168554 170731 168516 170503 171809 168726 167656 169759 169483 170017 164676 170041 275 260 262 110866 501 272 273 26229 274 170728 167932 170304 164053 165570 170827 170913 166908 171210 164674 170044 170574 165474 168143 164952 164549 171133 166165 164283 168125 169976 167592 165055 165211 166326 165746 170574 167772 168730 167723 171421 165409 163905 168966 166426 164829 165483 168631 169652 165262 166911 165942 164358 168311 165431 166639 169976 169346 171236 169788 167058 164049 171851 163886 168224 164012 167444 171365 170915 170894 164978 169310 170544 165613 170151 167890 165152 164470 165830 164264 164758 167086 170005 167444 171404 164336 164353 169876 166165 168125 167208 168880 167523 168342 170270 170903 170950 165378 168699 170546 165830 166312 165103 165161 165746 166025 171404 168514 167094 166426 167246 167816 165169 165720 170044 166737 170831 169453 171602 164084 170151 170459 167100 164645 168574 168529 170909 165842 165746 166737 167909 164336 169501 164303 170179 168452 170179 171539 167119 170719 170284 167870 170788 168347 169965 171166 167500 164804 168393 167208 164886 170548 166156 168035 167372 170958 169770 166134 169000 171095 171827 170536 164548 168128 164007 166330 171313 170034 165128 169488 164970 167451 170781 170522 163840 167176 164414 170909 167718 168574 166106 169841 169492 166056 167246 171738 170179 170421 167813 170190 169492 165338 170574 168872 169630 170679 168633 171728 171693 165262 170677 171148 166737 168960 171764 169397 164819 169625 169373 170862 275 260 262 110866 503 272 273 26229 274 169389 171446 164053 166308 169995 169974 165941 169234 169474 163840 168371 166237 163977 170246 168746 164738 166310 171093 169490 170085 167654 165236 169479 166695 164752 164916 168518 164726 168565 169794 167884 166892 170101 170248 167392 171131 166219 167653 170990 169956 170145 164906 164037 167293 170265 166695 168083 171878 170950 171049 167288 170292 167013 167510 171732 168188 164952 164010 165211 164431 166811 168481 170225 171291 170774 170561 168058 164234 169785 165351 165766 164646 169479 165626 164907 168938 170827 168449 164787 165373 165631 165969 167890 167932 164726 168741 164509 170973 163950 166037 170684 166073 166824 165346 164117 167783 166938 164970 164772 166527 170116 171475 167244 170814 168096 169310 171347 170223 164255 165766 169131 165193 167619 168832 170512 166168 169121 165307 168249 171820 164542 169373 167274 163920 165365 170687 167303 171059 168257 165448 166359 171643 166753 168146 165393 170454 169649 166938 166134 168853 168574 169479 165262 168083 168188 166016 170417 167727 167948 168929 166051 166790 165425 164968 170973 163950 170972 164292 167410 164240 169530 170330 168826 165779 168417 164772 169656 170731 168483 168271 164309 167176 166092 165933 166580 170874 169951 167303 170687 169237 168619 166407 164928 165730 165272 164342 167100 170765 171692 169474 169427 166834 168865 168619 171311 168291 169084 170097 165039 171692 169934 166856 167959 171462 169737 165409 168063 166713 169479 169750 165142 168975 171020 165032 167373 169254 169995 169649 164772 169764 166186 165190 169499 164790 170696 170890 168574 166441 167600 164772 168750 164908 167907 164907 171100 170521 164460 164536 164332 169788 171404 167148 164509 171093 165809 167102 171070 167164 168083 166134 168853 169863 166441 164046 165142 169603 163951 164309 167473 166326 169952 164772 168833 171120 164792 164549 166165 164710 165881 171549 167373 168163 169248 169468 164120 167932 172013 169345 275 260 262 110866 501 272 273 26229 274 170938 165337 171757 166642 165570 170889 170101 165941 171404 170574 165372 165356 166891 168154 164792 163949 164283 164592 168477 166326 166956 169500 169178 170404 169767 166530 165394 169213 164757 167086 164949 170574 168250 171297 166986 168622 171839 166564 166456 171017 170909 166106 167909 167030 170258 169596 165989 163913 165528 165792 168076 165457 170450 168754 169885 169366 165168 167269 169636 167925 170754 167322 168409 165507 166177 168514 167567 171786 168633 164185 168464 165168 169826 167303 164217 166344 170284 167200 163946 170909 171002 168536 167444 171404 164336 166978 171154 170581 165724 164717 170278 171901 167936 170044 166025 171404 169267 168635 164245 168729 164594 166033 164146 169211 171220 167452 165859 171801 164413 164271 170742 167087 170851 171961 172016 163913 169434 165503 164181 167688 166204 170906 163856 169500 171318 164400 166907 170179 166133 165262 167119 169779 167761 168257 168177 171462 167865 165394 168282 167936 170530 168853 170341 165842 169725 168347 166041 167014 166397 166603 166359 170230 165564 168854 164283 163995 164441 170016 171093 167947 167302 170180 170736 275 260 262 110866 503 272 273 26229 274 171803 166455 166257 167595 169951 169289 170687 170831 166839 169913 171666 167305 168883 170512 167131 170780 170170 169322 167602 165461 166557 169569 171619 165316 167267 166730 171683 170799 169357 164342 166695 165302 170184 164772 164646 169479 169580 166381 169892 165082 168750 171869 168765 168371 166105 165269 170713 171162 170330 164240 165176 164215 169177 167555 171402 163946 170579 168083 168254 170272 165411 166654 170257 164568 166611 170713 168083 164349 164256 164363 165669 167191 168083 168807 166827 168750 164772 167413 171820 171708 167238 170669 169862 170076 167128 169863 169548 170819 168566 164759 165241 170926 168040 170656 165069 171549 166025 164657 169645 171655 164888 170364 168124 164125 166932 171869 167821 164171 171924 169322 165295 167666 171423 170707 165819 170071 171269 168491 169548 165305 167352 168717 170027 166772 171093 163950 170464 167605 165297 170561 168466 167171 165603 167918 169479 169177 169474 165128 165248 169151 170531 166938 165792 164772 164417 169336 165285 167562 171205 166168 165911 164208 168723 164279 164268 166611 171147 166666 169995 164806 170687 166349 170272 165190 168031 170346 165701 165365 169951 164098 164713 170053 167626 166344 172012 170463 166845 166246 170041 170862 275 260 262 110866 501 272 273 26229 274 169611 166455 170046 167912 170071 167669 165580 165842 168044 170253 171404 170851 164792 164762 168845 164185 164283 166038 164982 164252 171032 166165 165231 166911 170950 170940 167034 169804 165724 168973 170192 170889 170101 166053 170341 165378 163843 171404 166284 166603 169892 169950 167973 164336 169256 171652 166348 166982 171972 166968 165176 168514 171365 165431 171624 170891 166127 168063 168865 168774 171360 168831 170699 168347 168730 166518 167262 168007 171551 169927 164584 165017 170513 170914 171516 169437 169770 168754 168566 168574 167858 171266 165356 170552 165842 165474 166603 170513 165602 168811 170179 170604 169826 167303 169455 170478 171488 170760 167718 166157 167527 171942 170386 168461 169016 170276 275 260 262 110866 503 272 273 26229 274 166720 168745 171699 171757 164120 164896 165610 166671 164570 165307 168516 166186 169863 169649 170002 170020 166673 168715 165733 167983 171828 171971 166348 170590 164398 166640 170338 168173 168175 164772 171732 166306 168468 166839 164195 164907 165252 169479 171459 166609 169104 164010 170179 164755 166666 170992 165551 167671 165295 164806 170669 164680 166932 164657 169863 168083 164279 168088 165198 166586 168826 166287 169730 165541 165197 164772 168313 169474 166814 171971 171525 169461 168371 171093 165637 166581 167617 164648 165176 166643 168250 168451 167772 167604 169913 168746 170826 169183 170531 171078 165220 169595 169524 171584 165030 163939 168249 171888 167907 167510 168257 164787 167496 163920 165526 166510 166530 169834 164662 170171 167328 169649 165276 171142 166186 165411 164907 171882 166603 164808 169460 168058 170005 166830 164625 171821 164517 168892 167428 167395 168467 167220 168419 166643 171365 164137 171456 167171 169131 167168 164146 166980 170642 167131 168216 164607 164604 168549 169473 168896 171412 164160 169788 171439 170024 167215 168853 168397 168623 171183 167740 166381 165418 167303 167510 171285 167299 168793 168173 167267 171700 169147 168425 171671 170874 167560 164882 169730 164752 167776 165541 167772 170687 169234 167294 169765 170020 170000 167267 169744 165724 165955 170561 166454 169952 167936 167439 169759 168833 171321 165502 170178 164592 170963 171549 171022 170708 164120 275 260 262 110866 501 272 273 26229 274 167395 171438 164402 168431 169563 170697 164271 165117 170781 169857 170781 166752 171043 168825 165528 168381 171765 164421 164090 170017 166182 164252 171765 164098 166737 171557 168129 168633 168452 170152 165451 164886 166571 169282 168865 169927 167303 166737 171031 164487 166204 168470 168175 170678 171599 167508 169927 169256 166908 168257 169013 167723 167858 163977 168326 165451 168000 171711 168622 166134 170450 165457 170450 168567 166603 166178 165500 167909 169483 171555 164007 165528 166388 167119 170719 164090 167246 168872 164252 167329 169216 168842 167156 166134 168282 170829 164972 168076 170947 165721 165351 171581 171404 167718 166157 168128 169216 169377 169976 169976 169328 166835 169982 170563 165741 168617 167844 169748 167153 170647 167493 164977 165829 170926 165842 167541 169710 167262 166040 171551 169927 164584 165017 170513 170659 168750 165017 164792 169569 166916 169652 169248 164762 167262 165308 170642 165499 164388 166889 170903 169764 168709 164866 169384 170151 164120 172017 171606 170223 165498 168989 168833 167735 164283 163913 164662 164866 164417 170135 169045 170027 166165 167492 164283 171149 165231 168622 164985 166177 168347 167451 168514 170851 171330 168158 164283 166785 163913 164185 163913 171322 164441 167542 164821 165199 169345 166366 275 260 262 110866 503 272 273 26229 274 171803 163883 170046 168096 164886 170005 167611 165386 166733 164646 169479 169863 166733 166545 166950 169913 170417 170759 165712 167131 165567 165567 171073 165709 164772 164842 166733 167774 171115 170521 169458 166272 169474 170202 167666 165262 170687 166545 165248 166348 167140 164010 170179 165396 168083 165365 164713 171404 170297 170343 169862 167817 165022 165601 164431 170152 165528 165365 170687 170257 165077 164398 165276 171777 168063 169625 166772 167102 169145 163840 167392 166441 166325 170642 171762 171665 168216 166279 168198 166771 169649 171551 169665 167078 165409 169995 165688 165435 170624 170399 170971 167438 165387 170687 165215 165887 166639 171802 165316 164938 166794 164636 166698 164772 166806 164772 167325 167303 171959 165965 171412 171620 166326 165365 170035 165604 171560 171397 169814 169524 167111 165365 170665 169762 167947 170987 165399 164255 169513 167171 164772 166349 166186 167907 169838 167990 169151 167769 171773 166830 170700 165451 168959 168018 170272 169745 166186 167907 166306 168449 167299 167105 170179 164174 165265 169357 166186 167085 163859 170257 169342 171347 167133 171152 170032 167607 170687 169256 164137 168874 163872 166427 170794 170971 165077 170755 169513 164552 168929 168249 170235 167656 165138 166969 166353 170248 166075 275 260 262 110866 501 272 273 26229 274 167721 166835 165025 170168 171474 170986 171631 164195 168750 166737 165283 164923 170116 166743 165505 165068 166128 166916 167523 165989 164283 166936 165231 169927 170950 170788 165042 169319 167723 165297 165409 167182 170548 166426 166803 167541 164390 171569 168243 168322 168347 164450 168689 168574 166497 171480 167126 171470 165128 170035 168347 165378 164023 171829 167215 165017 167294 169092 171183 170685 164038 166118 171551 167669 165351 164464 165299 167370 167669 165616 166056 164548 168229 169085 164242 166174 164584 166908 170656 168574 168530 171266 166831 165554 165128 169488 164970 165378 166986 169053 166982 170819 170921 169013 164978 167858 168243 165412 165351 166426 171946 165402 168635 169775 168514 168422 171462 167619 165875 167990 164882 166991 164457 165842 165474 169836 171000 170027 165749 171346 167002 165141 164252 169421 165262 171937 167776 167444 171859 169625 164589 167005 164977 170909 171002 168417 166737 167909 163955 171083 168633 169976 168279 166127 167119 170460 170284 167200 169480 167723 165758 170478 169245 171316 169871 164457 165266 171404 170915 165474 171935 165372 165897 170971 165236 165060 170151 167176 167238 169363 165201 167718 166157 166899 165982 169569 164283 164185 163913 171205 165915 164120 168950 168461 170636 275 260 262 110866 503 272 273 26229 274 171803 166455 166477 168096 171078 167865 166488 169730 164772 167215 169951 167851 165607 167752 169461 171289 165296 170734 163950 168848 166334 164421 164816 169531 169479 169084 167473 170272 168998 171940 166509 171347 169834 164223 167111 166806 168063 170311 164962 169576 165221 170972 170210 165730 167145 169513 168419 170765 167215 169474 171248 166834 165243 168555 165047 167476 169544 166438 170272 168998 164995 167496 171347 169834 168273 170195 165170 165766 165489 169778 165108 167707 170017 164076 169045 171166 170054 168906 170856 168203 165766 166359 169479 167772 168327 168902 170297 169256 168063 166491 167828 165682 170171 163875 170797 168187 164240 167215 169426 171148 165541 165604 169474 169234 167754 169625 164338 169254 166310 165213 166846 171096 169513 168243 164586 169526 170387 163938 169474 168483 168174 171344 169340 170670 166508 170972 165900 169778 168574 168825 168574 164772 164768 170687 166349 168216 170105 168519 165307 169322 166424 167164 167111 165030 164907 165845 165677 164302 164636 172001 164178 165786 165819 165351 170765 171365 170687 166648 166612 171545 170512 169297 171417 167704 168266 170781 164735 166803 171004 165761 165752 167122 171551 170890 171318 169479 170478 168674 166092 166312 166381 165276 167128 170687 165305 168216 170888 169373 171683 166510 165365 165276 168477 169425 168833 169891 171100 168937 165113 169738 171397 164816 164561 169468 167373 166319 165564 169345 275 260 262 110866 501 272 273 26229 274 170035 170211 171887 167516 164985 170889 168481 168853 165338 171827 166056 167382 164662 169779 164497 164068 170909 167551 170860 167216 165068 166128 164283 169248 164578 170458 171843 170742 170781 169748 170781 171930 169885 171802 164283 164252 165231 165997 166134 170450 164032 168730 169636 169846 166463 165012 165570 165721 169182 171558 168282 169500 163856 164881 164802 169927 171404 165017 164885 170450 167718 167006 167153 170445 168823 170386 164458 170232 167816 166720 164105 163941 170046 170071 166414 171972 166653 163852 165842 168617 165741 167191 164012 166675 165017 167294 171902 166983 166140 169563 165985 167776 170058 167909 164358 169256 169885 168371 164699 169664 170903 170950 168143 168347 169885 167052 164336 170913 165313 171150 168096 167771 169490 165725 167865 165176 167086 166619 164413 164972 170915 166986 169090 168549 164574 165866 171205 168477 169927 168347 168306 166916 164283 170119 169941 171148 166737 166021 164090 168865 167353 170102 170278 167456 169505 169182 169218 165299 169927 165942 164905 167315 164485 168930 166790 169437 170450 168754 170670 169564 164038 170657 165324 171875 165549 168282 169488 168347 167312 171404 164088 166779 164762 171733 171346 168833 170666 171166 168628 164012 165280 164080 165949 166930 165617 163913 163913 164185 169468 164120 166246 275 260 262 110866 503 272 273 26229 274 168267 171343 171330 169627 166695 167220 171732 164907 168363 171528 166813 169951 169234 169841 169921 164530 169665 167621 165566 169373 164332 166510 171551 166406 171665 169479 167034 165435 165792 168083 167325 170182 167112 164268 165020 170485 165163 164076 169788 165507 167220 170537 170687 164159 164912 163840 165682 170926 167965 164152 166407 164808 170192 167869 171695 165236 167220 168417 168174 167014 168321 169659 164037 170000 171802 168848 171397 165758 167186 170874 164287 171148 170687 168347 170574 170092 169049 165790 166587 170477 170027 166165 171093 171549 169814 166888 164738 168848 165528 168202 167932 170035 166455 166089 165101 166806 171758 166491 165787 170372 169513 171148 166938 170341 169474 171344 171984 167299 165373 164431 167378 165265 165291 164907 169453 170504 167636 165422 166991 167131 165567 170358 168216 171801 168134 167956 170561 167936 165457 165766 169863 166272 171386 164701 170799 170179 170267 171575 165103 165351 164058 164625 170372 165162 167412 165570 171620 164171 168906 166186 167034 166272 169155 171543 164287 164431 171133 165418 171828 169326 165346 169629 164473 171620 165236 171869 169177 171528 170270 169513 166306 169488 168917 168174 168624 167992 170847 169862 170815 171545 167122 164242 168050 165030 168853 168443 166898 164153 167148 168371 170305 167102 167496 171265 168978 169524 166772 168603 166186 170663 169778 165089 167621 169834 164332 169995 168271 166186 164258 167867 165924 171284 169431 170190 164907 167948 163939 166051 166790 165425 170000 167102 165681 166636 171447 170372 165418 169649 170687 168570 165766 168351 171268 170533 166540 164332 169995 168477 169425 169924 168063 165676 168290 170718 168522 171397 168890 167523 169834 171549 171022 170998 164338 167733 275 260
